9748.0
1996.0
9031.0
9247.0
24778.0
18068.0
3114.0
21013.0
11578.0
8059.0
9558.0
13554.0
11847.0
9285.0
7272.0
10520.0
14037.0
12471.0
4315.0
13641.0
19768.0
21371.0
11900.0
10820.0
19333.0
11983.0
4831.0
13384.0
22227.0
9307.0
14836.0
10444.0
17227.0
16704.0
22860.0
24857.0
24385.0
19012.0
17111.0
9252.0
22015.0
20583.0
11162.0
1756.0
17848.0
19115.0
11250.0
723.0
17201.0
18479.0
14918.0
21328.0
13299.0
10804.0
562.0
3768.0
11658.0
20505.0
21003.0
13496.0
14029.0
17115.0
19104.0
18819.0
27514.0
17199.0
5954.0
12178.0
18376.0
2400.0
25051.0
2739.0
20883.0
17825.0
5371.0
7134.0
1364.0
15570.0
11181.0
5564.0
2924.0
21200.0
20077.0
12682.0
9474.0
21251.0
11503.0
5261.0
23892.0
19329.0
2551.0
24096.0
26066.0
18306.0
25559.0
15029.0
9390.0
12671.0
7981.0
16772.0
17252.0
12922.0
17483.0
25609.0
16571.0
25743.0
11099.0
7367.0
11909.0
13642.0
12072.0
3221.0
13504.0
5578.0
20616.0
11805.0
25451.0
4706.0
12000.0
17972.0
13801.0
13806.0
26717.0
9273.0
9741.0
13414.0
13238.0
2399.0
17444.0
22641.0
7746.0
21704.0
9397.0
23810.0
16755.0
25069.0
12180.0
1556.0
9827.0
9350.0
18698.0
19157.0
17356.0
25940.0
18999.0
7306.0
13798.0
19803.0
23964.0
2156.0
11895.0
16206.0
4913.0
23051.0
21361.0
11654.0
19743.0
9798.0
17128.0
9981.0
22379.0
11768.0
4916.0
13550.0
2218.0
2046.0
24340.0
9286.0
483.0
25043.0
11698.0
13818.0
2968.0
25250.0
15951.0
27564.0
18488.0
11366.0
24375.0
20882.0
17277.0
2063.0
10999.0
6975.0
13923.0
21006.0
24393.0
1127.0
11142.0
3018.0
6287.0
17195.0
5238.0
7176.0
2587.0
2420.0
18432.0
20752.0
9758.0
25400.0
9478.0
9996.0
18704.0
1456.0
8837.0
11890.0
13472.0
11891.0
6743.0
13904.0
1783.0
18723.0
3853.0
11957.0
15966.0
18614.0
25228.0
7307.0
9821.0
22067.0
17042.0
22022.0
18011.0
9675.0
25112.0
548.0
18316.0
14841.0
1705.0
7285.0
25021.0
18791.0
7481.0
17008.0
29055.0
24162.0
15156.0
24313.0
26515.0
15164.0
26938.0
14122.0
18810.0
21548.0
21450.0
8332.0
29471.0
26359.0
15277.0
8377.0
29551.0
8179.0
21716.0
11653.0
29259.0
21473.0
20474.0
15506.0
8989.0
27171.0
18219.0
22959.0
27439.0
26922.0
27500.0
22131.0
29027.0
29351.0
27285.0
6186.0
26046.0
8981.0
23080.0
21294.0
23425.0
24475.0
23566.0
25705.0
29197.0
617.0
23577.0
27232.0
19881.0
22836.0
27371.0
13568.0
27048.0
19324.0
16014.0
27413.0
21311.0
20573.0
29102.0
29290.0
5342.0
19802.0
18278.0
21472.0
18815.0
21708.0
11668.0
28305.0
18427.0
11336.0
5653.0
16210.0
16608.0
28920.0
472.0
14340.0
5126.0
11528.0
27238.0
27811.0
19672.0
20403.0
29493.0
27121.0
15471.0
25214.0
12944.0
13458.0
15678.0
24438.0
24156.0
4781.0
28730.0
28664.0
17639.0
15585.0
29052.0
8598.0
6218.0
12386.0
23122.0
22529.0
27353.0
17491.0
22783.0
27762.0
24339.0
14410.0
14429.0
26043.0
24568.0
473.0
27120.0
28347.0
16099.0
15042.0
15722.0
29640.0
29896.0
15867.0
16901.0
24094.0
665.0
28644.0
22534.0
20486.0
17583.0
20020.0
20142.0
17651.0
14611.0
28091.0
22238.0
25377.0
16790.0
12265.0
25460.0
11105.0
23403.0
9721.0
18911.0
14211.0
22976.0
27076.0
19151.0
11189.0
15660.0
14646.0
27551.0
18712.0
15248.0
23557.0
28649.0
27332.0
17028.0
29316.0
19645.0
20011.0
2666.0
17355.0
15517.0
15154.0
28373.0
22061.0
18076.0
16292.0
15424.0
15560.0
22001.0
27056.0
21962.0
20147.0
20355.0
12030.0
17946.0
18994.0
8816.0
16035.0
22204.0
24387.0
27347.0
773.0
17841.0
14529.0
22882.0
13311.0
11001.0
29254.0
24540.0
22078.0
15357.0
19661.0
19731.0
25330.0
27057.0
29669.0
27350.0
26690.0
19773.0
23193.0
15333.0
6628.0
26378.0
12694.0
27498.0
8463.0
27248.0
21918.0
20000.0
15256.0
15352.0
12550.0
24766.0
26482.0
17840.0
23442.0
614.0
16988.0
28063.0
26728.0
27349.0
17155.0
5201.0
27129.0
18850.0
15180.0
26605.0
27441.0
23334.0
27840.0
436.0
29369.0
28952.0
4289.0
25951.0
25913.0
18610.0
21628.0
11248.0
28056.0
28173.0
609.0
18820.0
28907.0
26806.0
29314.0
23860.0
14682.0
21719.0
30008.0
29370.0
26525.0
21938.0
15247.0
25799.0
26827.0
