23964.0
13496.0
18819.0
7076.0
20882.0
26717.0
18999.0
11798.0
18704.0
11890.0
7481.0
22860.0
11142.0
8059.0
13798.0
11099.0
10681.0
5786.0
13641.0
2219.0
16772.0
9349.0
3853.0
10870.0
5238.0
21788.0
15797.0
9649.0
2218.0
18698.0
23892.0
24639.0
14029.0
548.0
22640.0
11366.0
20616.0
10999.0
12682.0
13801.0
20358.0
9734.0
12178.0
1367.0
21328.0
6305.0
2420.0
11900.0
17115.0
19333.0
7180.0
2400.0
7306.0
25051.0
7134.0
25743.0
25250.0
9681.0
7815.0
14836.0
22015.0
17356.0
6707.0
12195.0
17825.0
17150.0
5564.0
17227.0
5372.0
17972.0
22454.0
7272.0
13625.0
21013.0
13504.0
20583.0
21200.0
5157.0
17919.0
14787.0
25228.0
14841.0
3768.0
7367.0
18479.0
9798.0
25112.0
11909.0
9295.0
12997.0
9821.0
21020.0
13238.0
11654.0
2968.0
22227.0
25400.0
11983.0
1364.0
9827.0
14918.0
13172.0
16755.0
12084.0
15951.0
9478.0
5371.0
21251.0
22022.0
1456.0
16206.0
11578.0
11895.0
9093.0
562.0
25609.0
12000.0
10804.0
17042.0
26485.0
13818.0
17848.0
11449.0
28379.0
3221.0
17195.0
20282.0
5040.0
14493.0
5261.0
1705.0
13384.0
12072.0
2551.0
10444.0
483.0
19104.0
1556.0
7307.0
11250.0
2062.0
12794.0
24385.0
3114.0
13080.0
26066.0
11768.0
25451.0
17268.0
18432.0
20752.0
7378.0
11162.0
3382.0
9763.0
5578.0
9350.0
13550.0
11371.0
24720.0
4602.0
9422.0
12180.0
20505.0
11181.0
18723.0
21704.0
20102.0
1127.0
21361.0
2587.0
19768.0
24393.0
7176.0
15846.0
22845.0
15570.0
20883.0
18011.0
12015.0
9758.0
27514.0
10567.0
9285.0
9558.0
7746.0
11847.0
7463.0
9748.0
19212.0
16574.0
17444.0
27564.0
1780.0
18614.0
7981.0
25043.0
25021.0
16355.0
10520.0
23680.0
17111.0
9675.0
24857.0
15029.0
17252.0
24778.0
17199.0
9031.0
13642.0
723.0
19803.0
19329.0
19115.0
19012.0
12471.0
22067.0
11049.0
20489.0
5569.0
6084.0
19739.0
6975.0
12185.0
13066.0
13554.0
13299.0
9275.0
22270.0
2399.0
9390.0
9252.0
9996.0
12030.0
18278.0
26482.0
21938.0
21394.0
15164.0
15551.0
13013.0
20576.0
28664.0
27238.0
27248.0
18076.0
20403.0
19752.0
16790.0
19802.0
27332.0
14646.0
15645.0
26833.0
8463.0
19731.0
24339.0
21473.0
773.0
19645.0
27921.0
25583.0
29197.0
27120.0
19151.0
25460.0
22001.0
27413.0
20474.0
28998.0
15333.0
21548.0
5201.0
29055.0
15424.0
22271.0
18815.0
19131.0
16035.0
19672.0
11105.0
27353.0
22131.0
27285.0
16470.0
23403.0
4781.0
15500.0
27232.0
28979.0
22882.0
23258.0
28347.0
26938.0
29471.0
11346.0
28091.0
18835.0
23122.0
29962.0
22469.0
21628.0
27595.0
27439.0
19881.0
18994.0
25214.0
27811.0
16210.0
25705.0
29572.0
25364.0
21657.0
27057.0
29050.0
18427.0
23334.0
14977.0
27048.0
27076.0
8356.0
27350.0
624.0
302.0
19324.0
27605.0
29669.0
23080.0
14682.0
18216.0
15585.0
16901.0
6628.0
8989.0
22061.0
28644.0
4289.0
14448.0
16014.0
23034.0
21450.0
17355.0
27295.0
29290.0
20362.0
20011.0
27230.0
436.0
27762.0
15867.0
29052.0
15154.0
25913.0
14605.0
14429.0
29896.0
22529.0
29614.0
24566.0
28145.0
25377.0
18712.0
29331.0
23577.0
19742.0
2666.0
28920.0
7169.0
16292.0
22534.0
28373.0
22963.0
27498.0
14611.0
18911.0
25802.0
11336.0
27229.0
13405.0
11767.0
15248.0
26827.0
28730.0
29640.0
28649.0
29559.0
23442.0
22976.0
12550.0
16608.0
20142.0
17841.0
24387.0
17639.0
569.0
17912.0
27354.0
29369.0
3976.0
21395.0
26595.0
20020.0
27611.0
15722.0
27349.0
22703.0
25951.0
15175.0
20000.0
17155.0
5342.0
27441.0
8332.0
21505.0
23193.0
16099.0
614.0
28305.0
23471.0
16988.0
8179.0
27840.0
26728.0
26922.0
29316.0
14122.0
26031.0
19661.0
6214.0
27121.0
26525.0
17975.0
14340.0
4914.0
24156.0
26043.0
29351.0
18820.0
23860.0
15352.0
15357.0
6186.0
609.0
21060.0
665.0
27500.0
27608.0
7965.0
15471.0
24540.0
27347.0
6218.0
21918.0
19770.0
15277.0
28170.0
23557.0
22836.0
21294.0
21719.0
27371.0
14211.0
472.0
26359.0
26806.0
17008.0
24438.0
17302.0
23425.0
22040.0
26378.0
20355.0
17651.0
17570.0
26634.0
28173.0
26046.0
19773.0
28402.0
15256.0
27551.0
24568.0
17583.0
13176.0
24475.0
29027.0
25909.0
8598.0
617.0
5653.0
