1104 0.875 0.250 1.000 0.000 0.875 1.000 0.875 0.875 0.875 0.250
1127 0.786 0.000 0.429 0.357 1.000 0.071 0.357 0.071 0.429 0.071
1352 0.778 1.000 0.000 0.222 0.444 0.556 0.556 0.111 0.333 0.333
1364 0.952 0.905 1.000 0.619 0.571 0.429 0.048 0.095 0.143 0.000
1367 0.952 1.000 0.524 0.000 0.286 0.238 0.286 0.143 0.190 0.190
1456 1.000 0.357 0.571 0.357 0.500 0.214 0.643 0.000 0.357 0.429
1556 1.000 1.000 1.000 0.700 1.000 0.000 0.900 0.700 0.500 0.600
1650 1.000 0.889 0.222 0.778 0.000 0.556 0.556 0.889 0.556 0.556
1687 0.000 0.111 0.778 1.000 0.333 0.889 0.778 0.333 0.111 0.333
1688 0.125 0.625 0.000 1.000 1.000 0.125 0.500 0.250 0.250 0.250
1702 0.714 0.143 0.571 0.000 1.000 0.429 0.286 0.714 0.429 0.286
1705 0.609 1.000 0.957 0.696 0.696 0.348 0.174 0.043 0.000 0.087
1756 1.000 0.800 0.250 0.100 0.000 0.050 0.100 0.050 0.250 0.300
1780 1.000 0.722 0.889 0.722 0.833 0.833 0.444 0.278 0.278 0.000
1783 1.000 1.000 0.909 0.864 0.727 0.591 0.591 0.000 0.000 0.136
1784 0.500 1.000 0.600 0.000 0.700 0.200 0.800 0.200 0.800 0.300
1821 1.000 0.400 0.700 0.300 0.300 0.000 0.600 0.100 0.900 0.100
1830 1.000 0.222 0.000 0.444 0.333 0.000 0.222 0.000 0.333 0.556
1894 0.500 0.500 0.250 0.000 0.500 0.000 0.500 1.000 1.000 1.000
1935 0.333 0.333 0.417 0.667 0.417 1.000 0.333 0.167 0.000 0.500
1996 0.647 0.118 0.471 0.176 0.471 0.588 1.000 0.412 0.412 0.000
2046 1.000 0.667 0.810 0.810 0.714 0.476 0.476 0.000 0.476 0.286
2058 1.000 0.400 0.667 0.533 0.333 0.000 0.533 0.133 0.467 0.467
2062 0.000 1.000 0.714 1.000 0.286 0.714 0.000 0.286 0.286 0.000
2063 1.000 0.933 0.467 0.667 0.533 0.533 0.133 0.333 0.333 0.000
2124 0.533 0.733 0.400 1.000 0.533 0.800 0.267 0.333 0.000 0.133
2133 0.000 0.667 0.500 1.000 0.167 0.833 0.667 0.667 0.333 0.500
2138 1.000 0.067 0.400 0.000 0.400 0.067 0.067 0.067 0.067 0.067
2156 0.769 0.846 1.000 0.615 0.385 0.077 0.231 0.385 0.308 0.000
2210 1.000 0.500 0.750 0.500 0.375 0.125 0.250 0.000 0.375 0.750
2218 1.000 0.000 0.857 0.214 0.643 0.571 0.643 0.643 0.857 1.000
2219 1.000 0.800 0.400 0.240 0.240 0.240 0.280 0.000 0.080 0.200
2290 0.900 0.500 1.000 0.800 0.900 0.000 0.100 0.600 0.600 0.600
2291 1.000 0.278 0.333 0.000 0.111 0.444 0.111 0.167 0.167 0.111
2397 1.000 0.600 0.000 0.600 0.500 0.200 0.400 0.200 0.200 0.200
2399 0.909 0.500 0.818 0.591 0.909 0.727 0.864 1.000 0.227 0.000
2400 1.000 0.765 0.882 0.471 0.824 0.647 0.706 0.647 0.000 0.176
2420 0.667 0.000 1.000 0.583 0.750 0.667 0.917 0.667 0.667 0.583
2551 1.000 0.680 0.760 0.400 0.640 0.840 0.360 0.280 0.000 0.120
2587 0.500 1.000 0.833 0.167 0.500 0.000 0.167 0.250 0.250 0.250
2666 1.000 0.444 0.333 0.037 0.148 0.074 0.000 0.259 0.259 0.259
2674 1.000 0.765 0.941 0.706 0.000 0.941 0.941 0.941 0.941 0.941
2739 1.000 0.905 0.762 0.762 0.714 0.619 0.476 0.667 0.238 0.000
2782 1.000 0.308 0.308 0.000 0.538 0.154 0.308 0.615 0.462 0.308
2847 1.000 0.200 0.400 0.000 0.000 0.300 0.000 0.500 0.200 0.500
2919 1.000 0.250 0.750 0.125 0.250 0.000 0.750 0.125 0.875 0.125
2921 0.750 0.750 0.750 0.625 0.000 0.750 0.250 0.625 1.000 1.000
2924 1.000 0.563 0.688 0.500 0.000 0.250 0.000 0.500 0.375 0.188
2951 0.600 0.300 0.300 0.000 1.000 0.900 0.800 0.100 0.100 0.100
2968 1.000 0.833 0.667 0.444 0.500 0.000 0.333 0.167 0.000 0.000
3018 0.739 1.000 0.739 0.652 0.217 0.130 0.000 0.087 0.087 0.087
302 0.909 0.455 0.273 1.000 0.545 0.727 0.364 0.000 0.455 0.364
3114 0.923 0.308 0.923 0.308 1.000 0.615 0.923 0.615 0.692 0.000
3216 1.000 0.381 0.286 0.286 0.143 0.238 0.000 0.333 0.095 0.048
3219 0.333 0.500 1.000 0.333 0.000 0.333 1.000 0.500 0.333 0.667
3221 1.000 0.444 0.667 0.611 0.667 0.722 0.611 0.667 0.611 0.000
3294 0.000 1.000 0.167 0.500 0.000 0.667 0.167 1.000 1.000 0.500
3382 1.000 0.500 0.950 0.300 0.700 0.600 0.650 0.500 0.500 0.000
3390 0.286 0.286 0.286 0.143 0.429 0.000 0.571 0.000 0.000 1.000
3689 1.000 0.500 0.286 0.643 0.000 0.000 0.071 0.214 0.643 0.143
3706 0.467 0.733 1.000 0.467 1.000 0.333 0.533 0.000 0.333 0.133
3768 0.654 0.731 1.000 0.654 0.808 0.538 0.577 0.308 0.000 0.038
3787 1.000 0.286 0.000 0.286 0.286 0.571 0.571 0.571 0.286 0.714
3853 1.000 0.077 0.923 0.000 0.769 0.615 0.538 0.154 0.077 0.385
3864 0.667 0.238 0.524 0.429 0.429 0.286 1.000 0.381 0.429 0.000
3867 0.500 0.700 0.500 0.700 1.000 0.000 0.700 0.400 0.600 0.300
3976 0.800 1.000 0.100 0.300 0.700 0.000 0.200 0.000 0.400 0.200
4201 0.000 1.000 1.000 0.167 0.833 0.667 0.500 0.667 0.667 1.000
4289 0.619 1.000 0.762 0.429 0.762 0.524 0.571 0.048 0.048 0.000
4315 0.950 0.850 1.000 0.750 1.000 0.950 0.650 0.600 0.200 0.000
436 0.722 1.000 0.500 0.444 0.111 0.000 0.222 0.500 0.000 0.167
4409 0.600 0.600 0.200 1.000 0.200 0.400 0.000 0.000 0.800 0.800
4420 0.375 0.750 1.000 0.625 0.000 1.000 1.000 1.000 1.000 1.000
4503 0.000 0.400 1.000 0.700 0.700 0.100 0.500 0.000 0.600 0.700
4602 0.824 0.882 1.000 0.941 0.882 0.118 0.353 0.000 0.588 0.059
4704 0.900 0.200 0.600 0.100 0.200 0.900 0.900 0.000 1.000 1.000
4706 1.000 0.846 0.923 0.000 0.462 0.077 0.846 0.077 0.538 0.538
472 1.000 0.968 0.000 0.871 0.645 0.710 0.323 0.323 0.355 0.419
473 1.000 0.571 0.357 0.000 0.286 0.357 0.000 0.071 0.000 0.000
4756 0.833 0.167 1.000 0.500 0.667 0.000 0.333 0.333 0.333 0.333
4781 1.000 0.714 0.381 0.619 0.238 0.381 0.381 0.095 0.000 0.048
483 0.720 0.040 0.080 1.000 0.000 0.120 0.040 0.200 0.080 0.160
4831 0.083 0.667 0.500 1.000 0.083 0.917 0.750 0.083 0.000 0.333
4913 1.000 0.429 0.571 0.286 0.000 0.429 0.071 0.071 0.071 0.071
4914 1.000 0.900 0.750 0.500 0.350 0.000 0.150 0.050 0.450 0.450
4916 1.000 0.857 0.952 0.333 0.571 0.000 0.476 0.190 0.619 0.000
494 1.000 0.889 0.667 0.889 0.333 0.778 0.556 0.333 0.000 0.556
5040 1.000 0.500 0.750 0.667 1.000 0.583 0.667 0.500 0.250 0.000
5126 1.000 0.500 0.286 0.000 0.143 0.000 0.000 0.143 0.000 0.000
5157 0.700 1.000 0.900 1.000 0.900 1.000 0.600 0.300 0.000 1.000
5201 1.000 0.812 0.562 0.187 0.000 0.625 0.562 0.750 0.125 0.375
5238 1.000 0.455 0.591 0.136 0.318 0.182 0.409 0.000 0.273 0.182
526 1.000 0.556 0.333 0.667 0.333 0.000 0.222 0.333 0.667 0.333
5261 0.300 0.100 0.000 0.300 0.800 0.900 1.000 1.000 0.900 0.400
5311 0.273 0.182 0.182 0.909 0.818 1.000 0.364 0.636 0.182 0.000
5342 1.000 0.700 0.900 0.400 0.200 0.100 0.000 0.000 0.000 0.000
5346 1.000 0.571 0.429 0.000 0.571 0.143 0.286 0.286 0.429 0.857
536 1.000 0.091 0.909 0.545 0.818 0.364 0.909 0.000 0.545 0.273
5368 0.000 1.000 0.333 0.667 0.667 0.667 0.167 0.333 0.500 0.667
5371 1.000 0.529 0.588 0.706 0.176 0.176 0.176 0.176 0.118 0.000
5372 1.000 0.000 0.778 0.500 0.556 0.722 0.722 0.278 0.444 0.222
5383 0.750 0.000 0.625 0.250 1.000 0.500 1.000 0.750 0.750 0.750
5439 0.750 0.750 0.250 0.500 0.625 1.000 0.625 0.000 0.375 0.500
5450 0.167 0.667 0.167 1.000 0.833 0.000 0.000 0.000 0.000 0.000
5452 0.857 0.286 0.000 0.857 0.000 0.286 0.857 0.143 0.571 1.000
548 1.000 0.000 1.000 1.000 1.000 1.000 1.000 1.000 1.000 1.000
5564 1.000 0.867 0.933 0.467 0.733 0.333 0.333 0.067 0.133 0.000
5569 0.875 0.000 1.000 0.625 0.625 0.375 0.750 0.312 0.250 0.312
5578 0.667 1.000 0.667 0.238 0.143 0.000 0.143 0.143 0.143 0.143
562 0.571 0.714 1.000 0.857 0.929 0.714 0.429 0.286 0.000 0.000
5660 1.000 0.600 0.400 0.100 0.600 0.300 0.000 0.400 0.900 0.100
5668 1.000 0.429 1.000 0.000 0.000 0.571 0.571 0.286 0.857 1.000
5671 0.167 0.333 0.583 0.167 1.000 0.000 0.667 0.083 0.667 0.167
569 0.615 0.923 0.692 1.000 0.154 0.462 0.308 0.000 0.385 0.923
5774 0.222 0.000 1.000 0.111 0.778 0.778 0.222 0.111 0.778 0.111
5785 0.000 0.462 0.308 0.692 0.462 0.615 1.000 0.769 0.308 0.308
5786 1.000 0.333 1.000 0.667 0.867 0.067 0.267 0.333 0.000 0.000
5954 1.000 0.720 0.480 0.560 0.600 0.440 0.440 0.200 0.160 0.000
5958 0.182 0.455 0.273 0.364 0.545 0.000 0.455 0.182 1.000 0.182
6018 1.000 0.889 0.667 0.333 0.778 0.444 0.667 0.000 0.000 0.444
6076 0.571 0.000 0.429 0.000 1.000 0.429 0.857 0.286 0.857 0.143
6084 1.000 0.462 0.538 0.846 0.615 0.462 0.923 0.231 0.385 0.000
609 1.000 0.429 0.257 0.229 0.000 0.200 0.200 0.114 0.200 0.200
614 0.615 0.769 1.000 0.231 0.462 0.000 0.000 0.000 0.231 0.231
615 0.889 0.333 1.000 0.222 0.778 0.222 0.000 0.111 0.111 0.111
617 1.000 0.500 0.542 0.583 0.000 0.000 0.042 0.000 0.000 0.000
619 1.000 0.500 0.833 0.000 0.000 0.333 0.667 0.667 0.667 0.667
6214 0.846 0.231 0.615 0.769 1.000 0.000 0.615 0.385 0.538 0.462
6218 0.905 0.714 1.000 0.714 0.810 0.429 0.286 0.095 0.000 0.286
6229 0.615 1.000 0.077 0.385 0.077 0.462 0.000 0.000 0.000 0.000
624 1.000 0.400 1.000 0.600 0.700 0.050 0.100 0.000 0.200 0.100
6270 0.000 0.125 0.625 1.000 0.375 0.625 0.125 0.625 0.125 0.125
6287 0.972 0.981 1.000 0.916 0.916 0.869 0.804 0.804 0.000 0.832
6309 0.062 0.375 0.000 1.000 0.062 0.062 0.625 0.437 0.313 0.125
6378 1.000 0.267 0.200 0.333 0.667 0.267 0.267 0.000 0.333 0.600
646 0.750 0.000 1.000 0.500 0.125 1.000 0.000 0.125 0.125 0.125
648 1.000 0.111 0.444 0.000 0.222 0.556 0.111 0.889 0.889 0.889
6490 0.875 0.625 0.750 0.000 0.500 0.125 1.000 0.750 0.750 0.750
6506 0.778 0.111 1.000 0.111 1.000 0.000 0.333 0.000 0.778 0.556
6507 0.750 0.500 0.625 1.000 0.750 0.125 0.250 0.250 0.000 0.125
6518 1.000 0.333 0.167 0.000 0.500 0.250 0.333 0.167 0.417 0.500
6533 0.000 1.000 0.000 0.833 0.667 0.167 0.000 0.833 0.833 0.833
6628 1.000 0.885 0.808 0.615 0.346 0.231 0.154 0.154 0.000 0.077
665 0.500 0.929 1.000 0.786 0.786 0.500 0.643 0.000 0.643 0.214
6796 0.400 0.900 0.500 0.900 0.000 0.900 1.000 0.800 0.800 0.800
6832 1.000 0.000 0.000 0.000 0.000 0.000 0.000 0.000 0.000 0.000
723 1.000 0.333 0.500 0.167 0.000 0.167 0.000 0.167 0.167 0.167
773 0.750 1.000 0.000 0.700 1.000 0.900 0.850 0.800 0.150 0.850
787 1.000 0.813 1.000 0.000 0.250 0.250 0.250 0.250 0.250 0.250
861 1.000 0.125 0.000 0.250 0.375 0.000 0.375 0.125 0.125 0.500
995 0.714 0.714 0.714 1.000 0.286 0.571 0.000 0.286 0.857 0.286
10324 0.583 0.000 1.000 0.250 0.833 0.083 0.417 0.000 0.167 0.167
10382 0.500 0.750 0.000 1.000 0.750 0.250 0.000 0.750 1.000 0.750
10510 0.714 1.000 0.714 0.571 0.429 0.000 0.714 0.571 0.000 0.143
10567 0.357 1.000 0.786 0.857 0.214 0.500 0.071 0.071 0.000 0.714
10681 1.000 0.778 0.056 0.444 0.222 0.389 0.333 0.556 0.000 0.222
10804 0.000 0.000 0.333 1.000 0.333 0.400 0.267 0.267 0.267 0.267
10810 1.000 0.750 0.500 0.500 0.500 0.500 0.000 1.000 0.000 0.500
10811 0.667 1.000 0.000 1.000 0.667 0.667 0.667 0.667 0.667 0.667
10820 1.000 0.643 0.571 0.143 0.714 0.357 0.429 0.429 0.643 0.000
10822 1.000 0.000 0.625 0.250 0.125 0.500 0.250 0.375 0.500 0.875
10880 1.000 1.000 1.000 0.000 0.333 0.667 1.000 1.000 0.333 0.333
10987 1.000 0.714 0.857 0.000 0.786 0.571 0.429 0.500 0.429 0.286
10992 1.000 0.000 0.833 0.167 0.667 0.500 0.833 0.167 0.167 0.167
10996 0.750 0.000 1.000 1.000 0.500 0.750 0.750 0.500 0.750 0.250
11001 0.375 0.000 0.500 0.500 0.500 1.000 0.875 0.500 0.625 0.625
11021 1.000 0.316 0.158 0.474 0.211 0.158 0.368 0.000 0.000 0.316
11087 0.667 1.000 0.833 0.833 0.000 0.500 0.000 0.000 0.000 0.000
11099 0.500 0.500 0.500 0.000 0.300 0.300 0.800 0.400 1.000 0.300
11105 1.000 0.913 0.870 0.609 0.174 0.000 0.043 0.130 0.261 0.000
11162 0.100 0.300 0.600 1.000 0.700 1.000 0.700 0.300 0.000 0.000
11189 1.000 0.400 0.200 0.200 0.000 0.000 0.000 0.000 0.000 0.000
11248 0.810 1.000 0.905 0.286 0.143 0.000 0.095 0.095 0.095 0.095
11348 0.000 1.000 0.833 0.833 0.000 0.000 0.000 0.000 0.000 0.000
11350 0.000 0.250 1.000 0.500 0.500 0.500 0.500 0.500 0.500 0.500
5653 0.692 1.000 0.538 0.308 0.385 0.308 0.000 0.385 0.231 0.154
6186 0.875 0.750 0.937 1.000 0.563 0.438 0.063 0.375 0.375 0.000
6305 0.810 0.619 1.000 0.714 0.667 0.000 0.667 0.667 0.714 0.571
6618 0.733 0.733 1.000 0.533 0.467 0.000 0.400 0.333 0.267 0.333
6707 1.000 0.545 0.091 0.227 0.136 0.182 0.273 0.000 0.318 0.000
6743 0.833 1.000 0.111 0.889 0.222 0.722 0.000 0.500 0.389 0.389
6804 0.500 0.200 1.000 0.500 0.800 0.400 0.300 0.200 0.000 0.300
6895 0.588 1.000 0.706 0.471 0.588 0.176 0.235 0.353 0.000 0.118
6922 0.455 0.545 0.455 0.727 0.545 0.545 0.000 0.364 0.364 1.000
6974 0.643 1.000 0.214 0.857 0.500 0.429 0.000 0.286 0.643 0.071
6975 0.267 0.867 1.000 0.667 0.600 0.467 0.000 0.067 0.600 0.133
6982 1.000 0.889 0.778 0.444 0.556 0.333 0.667 0.000 0.333 0.444
6990 1.000 0.000 0.000 0.636 0.000 0.727 0.182 0.364 0.273 0.364
7076 1.000 0.667 0.444 0.278 0.333 0.333 0.000 0.167 0.056 0.000
7134 0.889 0.611 0.389 0.444 0.611 0.278 0.000 0.611 0.333 1.000
7142 0.000 0.091 0.000 0.455 1.000 0.273 0.182 0.273 0.273 0.364
7169 1.000 0.583 0.583 0.083 0.167 0.000 0.167 0.250 0.250 0.250
7175 1.000 0.444 0.056 0.167 0.056 0.167 0.000 0.278 0.278 0.278
7176 1.000 0.278 0.500 0.333 0.167 0.000 0.000 0.333 0.333 0.333
7180 1.000 0.467 0.867 0.133 0.467 0.400 0.533 0.533 0.000 0.400
7225 0.875 0.500 1.000 0.000 0.875 0.375 0.625 0.500 0.250 0.125
7240 0.692 0.692 1.000 0.077 0.615 0.846 0.769 0.308 0.000 0.154
7272 1.000 0.500 0.611 0.056 0.056 0.278 0.278 0.167 0.611 0.000
7285 1.000 0.053 0.526 0.000 0.316 0.158 0.158 0.158 0.158 0.158
7297 1.000 1.000 0.000 0.400 0.600 0.500 0.000 0.700 0.900 0.600
7306 1.000 0.722 0.222 0.444 0.056 0.167 0.056 0.389 0.000 0.167
7307 0.810 0.857 0.857 1.000 0.619 0.000 0.333 0.333 0.095 0.000
7367 1.000 0.625 0.125 0.125 0.125 0.375 0.625 0.000 0.625 0.000
7376 1.000 0.455 0.182 0.364 0.455 0.000 0.636 0.636 0.455 0.182
7378 1.000 0.846 0.692 0.231 0.462 0.077 0.231 0.000 0.154 0.077
7461 0.500 0.250 0.250 0.375 0.250 1.000 1.000 1.000 0.000 0.625
7463 0.929 0.214 1.000 0.000 0.071 0.000 0.143 0.214 0.214 0.071
7472 0.900 1.000 0.900 0.600 0.400 0.600 0.100 0.000 0.500 0.300
7479 0.222 0.222 0.444 0.333 1.000 0.444 0.889 0.000 0.889 0.000
7481 0.429 0.357 0.286 0.000 0.357 1.000 0.643 0.143 0.143 0.071
7591 0.556 0.889 0.000 1.000 0.556 0.000 0.667 0.778 0.333 0.333
7623 1.000 1.000 0.700 0.000 0.400 0.200 0.900 0.400 0.700 0.400
7626 0.286 1.000 0.643 0.429 0.500 0.214 0.500 0.000 0.286 0.429
7736 0.750 0.250 1.000 1.000 0.875 0.000 0.250 0.250 0.125 0.375
7737 0.111 0.222 0.667 0.333 0.444 0.000 0.222 0.111 0.778 1.000
7742 1.000 0.375 0.500 0.625 0.875 1.000 0.125 0.125 0.625 0.000
7746 1.000 0.556 0.556 0.222 0.222 0.185 0.481 0.185 0.000 0.037
7758 1.000 0.267 0.800 0.133 0.333 0.133 0.333 0.000 0.267 0.533
7768 0.375 0.250 0.250 0.625 1.000 0.625 0.250 0.000 0.000 0.875
7809 0.875 0.500 0.500 0.125 0.500 0.875 0.500 1.000 0.125 0.000
7815 0.391 1.000 0.826 0.957 0.957 0.913 0.609 0.304 0.391 0.000
7965 1.000 0.606 0.576 0.424 0.455 0.091 0.061 0.030 0.061 0.000
7981 1.000 0.846 0.577 0.615 0.500 0.038 0.000 0.038 0.038 0.077
7994 1.000 0.250 0.688 0.000 0.562 0.500 0.625 0.125 0.125 0.125
8059 1.000 0.769 0.462 0.538 0.462 0.077 0.077 0.000 0.000 0.000
8100 0.600 0.000 0.500 1.000 0.800 0.300 0.400 0.500 0.500 0.500
8147 0.667 0.333 0.667 0.333 0.667 0.500 1.000 0.667 0.000 1.000
8179 1.000 0.700 0.700 0.250 0.300 0.000 0.000 0.200 0.350 0.200
8187 0.727 0.636 0.545 0.364 0.636 0.545 1.000 0.000 0.727 0.091
8216 0.600 1.000 0.600 0.400 0.000 0.600 0.600 0.600 0.600 0.600
8217 0.500 1.000 1.000 0.000 0.400 0.000 0.600 0.700 0.700 0.700
8231 0.875 1.000 0.500 0.250 0.000 0.375 0.000 0.000 0.000 0.000
8307 0.444 0.111 1.000 0.333 1.000 0.111 0.889 0.889 0.333 0.000
8332 1.000 0.538 0.577 0.346 0.154 0.077 0.423 0.000 0.115 0.077
8356 0.357 0.929 0.286 0.714 0.143 0.071 0.000 1.000 0.071 0.214
8377 1.000 0.000 0.200 0.300 0.800 0.000 1.000 0.100 0.500 0.200
8404 0.000 0.500 1.000 0.000 0.750 0.500 0.000 1.000 1.000 1.000
8442 0.750 0.625 1.000 0.500 0.625 0.250 0.500 0.000 0.250 0.375
8463 1.000 0.200 0.640 0.160 0.360 0.080 0.120 0.000 0.480 0.080
8517 0.889 0.889 1.000 0.111 0.333 0.000 0.222 0.333 0.333 0.333
8588 1.000 0.353 0.000 0.059 0.294 0.294 0.235 0.765 0.294 0.235
8598 0.091 0.455 0.000 0.227 0.000 0.318 0.545 0.636 1.000 0.591
8625 0.250 0.500 0.500 0.000 0.500 1.000 0.875 0.125 0.750 0.875
8689 0.375 1.000 0.750 0.625 0.000 0.250 0.000 0.250 0.000 0.375
8720 0.375 1.000 0.750 0.500 0.000 0.375 0.500 0.625 0.750 0.250
8731 0.769 0.462 0.769 0.538 0.231 0.000 0.538 0.000 1.000 0.231
8735 0.400 0.000 1.000 0.700 0.400 0.300 0.100 0.100 0.100 0.100
8816 0.200 1.000 1.000 0.500 0.300 0.200 0.200 0.600 0.000 0.000
8837 1.000 0.714 0.786 0.571 0.571 0.000 0.500 0.429 0.071 0.000
8953 0.455 0.364 1.000 0.818 0.182 0.000 0.182 0.273 0.545 0.182
8981 0.000 0.692 1.000 0.692 0.692 0.385 0.308 0.154 0.462 0.692
8989 1.000 0.391 0.348 0.348 0.130 0.261 0.348 0.522 0.391 0.000
9023 1.000 0.000 0.143 0.286 0.857 0.571 0.857 0.714 0.714 0.429
9031 0.368 0.000 0.632 0.211 1.000 0.789 0.579 0.316 0.368 0.053
9040 0.700 0.000 1.000 0.200 0.600 0.200 0.000 0.000 0.100 0.700
9093 0.765 0.647 0.000 0.353 0.471 0.882 1.000 0.294 0.824 0.588
9098 1.000 0.286 0.714 0.429 0.714 0.000 0.000 0.000 0.000 0.000
9111 0.600 0.600 1.000 0.000 0.400 0.800 0.000 0.200 0.200 0.200
9136 1.000 0.556 0.667 0.111 0.000 0.889 0.778 0.778 0.778 0.778
9142 0.778 0.222 1.000 0.000 0.000 0.556 0.111 0.111 0.556 0.556
9154 0.818 1.000 0.000 0.636 0.364 0.273 0.455 0.182 0.182 0.364
9165 0.857 1.000 0.000 0.857 0.857 0.714 0.000 0.571 0.571 0.571
9247 0.923 0.923 1.000 0.538 0.692 0.769 0.462 0.000 0.615 0.385
9252 1.000 0.857 0.357 0.000 0.000 0.214 0.286 0.429 0.286 0.071
9273 0.933 1.000 0.200 0.133 0.400 0.333 0.667 0.333 0.267 0.000
9275 1.000 0.842 0.895 0.368 0.000 0.526 0.105 0.368 0.316 0.526
9276 0.636 0.182 0.818 0.000 0.727 0.364 1.000 0.091 0.091 0.091
9282 1.000 0.833 0.750 0.500 0.750 0.000 0.250 0.667 0.917 0.167
9285 1.000 0.895 0.684 0.579 0.263 0.053 0.263 0.158 0.158 0.000
9286 1.000 0.654 0.654 0.115 0.577 0.346 0.115 0.462 0.231 0.000
9288 1.000 0.105 0.211 0.053 0.211 0.263 0.316 0.263 0.000 0.158
9295 1.000 0.696 0.130 0.435 0.087 0.174 0.000 0.217 0.304 0.348
9306 0.667 0.333 0.167 0.667 0.167 0.833 0.167 1.000 0.000 0.833
9307 0.500 1.000 0.750 1.000 1.000 0.917 0.417 0.500 0.917 0.000
9312 1.000 0.200 0.200 0.300 0.200 0.000 0.300 0.300 0.000 0.000
9315 0.300 1.000 0.700 0.000 0.500 0.200 0.800 0.200 0.200 0.200
9348 1.000 0.238 0.095 0.095 0.381 0.000 0.000 0.190 0.000 0.048
9349 1.000 0.353 1.000 0.529 0.471 0.118 0.000 0.471 0.471 0.471
9350 0.529 0.647 1.000 0.647 0.647 0.176 0.176 0.353 0.471 0.000
9390 0.833 0.833 1.000 0.417 0.417 0.000 0.333 0.250 0.167 0.417
9397 1.000 0.462 0.923 0.692 0.692 0.385 0.462 0.000 0.462 0.154
9398 0.250 0.750 0.000 0.375 0.750 0.625 1.000 0.250 0.500 0.625
9422 0.846 0.000 0.923 0.769 0.923 0.538 1.000 0.846 0.538 0.308
9430 0.909 1.000 0.364 0.364 0.364 0.091 0.182 0.000 0.545 0.818
9474 1.000 0.700 0.800 0.700 0.600 0.300 0.800 0.000 0.500 0.000
9478 1.000 0.778 0.500 0.889 0.333 0.611 0.389 0.667 0.000 0.278
9487 0.700 0.400 0.300 0.000 1.000 1.000 1.000 1.000 1.000 1.000
9492 0.571 1.000 0.667 0.667 0.429 0.000 0.143 0.238 0.048 0.095
9558 1.000 0.615 0.769 0.615 0.000 0.154 0.538 0.462 0.769 0.231
9583 1.000 0.412 0.824 0.176 0.118 0.471 0.412 0.176 0.000 0.294
9649 1.000 0.000 1.000 0.786 0.714 0.143 0.500 0.357 1.000 0.214
9654 1.000 0.900 0.700 0.200 0.500 0.400 0.000 0.300 0.800 0.800
9655 0.714 1.000 0.714 0.429 0.714 0.000 0.571 0.143 1.000 0.429
9675 1.000 0.045 0.000 0.364 0.000 0.000 0.091 0.091 0.091 0.091
9681 1.000 0.750 0.333 0.333 0.375 0.042 0.042 0.000 0.125 0.042
9721 0.962 0.923 0.769 1.000 0.308 0.538 0.192 0.192 0.000 0.115
9734 0.636 1.000 0.818 0.545 0.636 0.545 0.545 0.000 0.273 0.000
9735 1.000 0.682 0.364 0.364 0.182 0.273 0.227 0.000 0.045 0.091
9741 0.583 0.250 0.417 1.000 0.667 0.167 0.750 0.250 0.000 0.000
9746 1.000 0.364 0.636 0.182 0.182 0.273 0.545 0.182 0.455 0.000
9748 1.000 0.857 1.000 0.476 0.571 0.095 0.000 0.143 0.286 0.286
9758 1.000 0.563 0.563 0.187 0.125 0.000 0.187 0.313 0.187 0.187
9763 0.000 0.842 1.000 0.789 0.684 0.684 0.526 0.632 0.316 0.368
9798 0.588 1.000 0.235 0.118 0.118 0.176 0.000 0.588 0.353 0.353
9821 0.769 0.231 1.000 0.846 0.692 0.538 0.538 0.538 0.000 0.000
9827 0.750 1.000 0.583 0.083 0.000 0.000 0.000 0.000 0.000 0.000
9947 0.600 0.400 0.200 0.800 1.000 0.000 0.200 0.600 0.600 0.200
9981 0.350 1.000 0.650 1.000 0.300 0.000 0.050 0.100 0.300 0.300
9996 1.000 0.667 0.278 0.167 0.111 0.500 0.167 0.111 0.167 0.000
10444 1.000 0.200 0.100 0.200 0.600 0.100 0.300 0.200 0.000 0.000
10520 1.000 0.429 0.143 0.571 0.000 0.500 0.000 0.214 0.000 0.000
10870 0.949 0.923 0.897 0.821 1.000 0.846 1.000 0.769 0.000 0.795
10999 1.000 0.280 0.320 0.000 0.000 0.160 0.400 0.160 0.280 0.200
11049 0.737 1.000 0.789 0.684 0.421 0.526 0.316 0.263 0.105 0.000
11112 0.111 0.222 1.000 0.111 1.000 0.000 0.222 0.000 0.444 0.667
11142 0.684 1.000 0.684 0.789 0.474 0.842 0.263 0.000 0.105 0.105
11179 0.500 0.600 1.000 0.800 1.000 0.700 0.900 0.700 0.700 0.000
11181 0.500 1.000 0.750 0.250 0.350 0.250 0.300 0.100 0.350 0.000
11186 1.000 0.667 0.000 0.111 0.111 0.111 0.667 0.111 0.667 0.556
11249 1.000 0.500 0.500 0.500 0.167 0.000 0.333 0.333 0.000 0.333
11250 0.533 0.600 0.867 0.600 0.733 0.133 1.000 0.133 0.400 0.000
11336 0.667 0.333 0.111 0.111 0.444 0.222 0.000 1.000 0.667 0.333
11337 0.667 0.000 0.833 0.167 0.250 0.833 0.250 1.000 0.583 0.583
11344 0.222 1.000 0.111 0.889 0.000 0.333 0.222 0.111 0.556 0.222
11346 1.000 0.214 0.143 0.857 0.000 0.071 0.071 0.214 0.286 0.143
11347 0.900 0.000 0.400 1.000 0.000 0.800 0.600 0.900 0.800 0.800
11366 0.895 1.000 0.789 0.684 0.421 0.316 0.368 0.158 0.263 0.000
11371 1.000 0.778 0.556 0.444 0.778 0.000 0.556 0.111 0.000 0.333
11393 1.000 0.909 0.545 0.455 0.000 0.909 0.091 0.091 0.182 0.727
11449 0.187 0.625 1.000 0.875 0.562 0.438 0.000 0.375 0.187 0.438
11455 1.000 0.800 0.000 0.400 0.600 0.800 0.600 1.000 0.600 0.600
11456 0.500 0.667 0.833 0.667 1.000 0.000 0.833 0.833 0.833 0.500
11503 0.636 0.318 0.318 0.682 1.000 0.273 0.000 0.000 0.227 0.318
11528 0.750 1.000 0.375 0.375 0.375 0.000 0.125 0.000 0.375 0.250
11550 0.800 0.400 0.800 0.000 0.800 0.100 1.000 0.000 0.500 0.600
11575 0.286 0.857 0.571 1.000 0.286 0.286 0.286 0.429 0.000 0.143
11578 0.826 1.000 0.652 0.783 1.000 0.000 0.391 0.739 0.739 0.696
11602 1.000 0.000 0.615 0.538 0.385 0.385 0.462 0.615 0.692 0.923
11653 1.000 0.167 1.000 0.083 0.583 0.000 0.083 0.250 0.333 0.167
11654 1.000 0.706 0.647 0.176 0.294 0.235 0.529 0.235 0.647 0.000
11658 0.882 0.471 1.000 0.412 0.647 0.529 0.176 0.000 0.588 0.588
11668 1.000 0.583 0.833 0.417 0.000 0.500 0.250 0.333 0.583 0.500
11698 0.824 1.000 0.176 0.059 0.353 0.000 0.471 0.118 0.529 0.235
11740 0.364 0.000 0.545 0.091 0.182 1.000 0.455 0.000 0.727 0.364
11741 0.200 1.000 0.200 0.400 0.100 0.400 0.300 0.600 0.000 0.300
11750 0.467 1.000 0.667 0.600 0.400 0.600 0.667 0.000 0.067 0.000
11767 0.765 1.000 1.000 0.765 0.176 0.059 0.118 0.000 0.176 0.176
11768 0.579 0.895 1.000 0.474 0.684 0.105 0.737 0.368 0.474 0.000
11798 1.000 0.882 0.118 0.294 0.176 0.059 0.059 0.000 0.059 0.235
11805 1.000 0.714 0.190 0.429 0.000 0.429 0.810 0.429 0.143 0.143
11824 0.667 1.000 0.222 0.778 1.000 0.222 0.444 0.111 0.111 0.000
11847 0.857 0.643 0.714 0.714 1.000 0.571 0.000 0.357 0.357 0.500
11890 0.364 0.091 1.000 0.000 0.455 0.364 0.182 0.545 0.364 0.455
11891 1.000 0.944 0.944 0.944 1.000 0.722 0.778 0.722 0.500 0.000
11894 0.000 0.429 1.000 0.714 0.857 0.286 1.000 0.857 0.714 0.000
11895 0.500 0.429 1.000 0.357 0.571 0.214 0.500 0.071 0.214 0.000
11900 0.895 0.263 1.000 0.421 0.684 0.368 0.421 0.421 0.000 0.263
11901 1.000 0.357 0.500 0.000 0.571 0.643 0.571 0.571 0.429 0.429
11909 0.750 1.000 0.625 0.500 0.000 0.625 0.625 0.625 0.625 0.625
11957 1.000 0.071 0.429 0.000 0.143 0.357 0.286 0.000 0.143 0.286
11962 0.000 0.455 1.000 0.273 0.455 0.182 0.364 0.182 0.182 0.182
11983 1.000 0.643 1.000 0.357 0.429 0.143 0.286 0.214 0.214 0.000
11991 1.000 0.000 0.312 0.312 0.438 0.000 0.125 0.125 0.125 0.000
12000 1.000 0.522 0.652 0.217 0.522 0.478 0.870 0.652 0.565 0.000
12015 0.923 1.000 0.808 0.538 0.462 0.346 0.577 0.269 0.000 0.077
12030 0.952 1.000 0.667 0.714 0.571 0.714 0.000 0.667 0.571 0.524
12056 0.667 1.000 0.556 0.556 0.556 0.667 0.556 0.667 0.000 0.000
12072 1.000 0.333 0.667 0.267 0.333 0.067 0.467 0.000 0.667 0.533
12084 1.000 0.941 0.824 0.647 0.882 0.765 0.588 0.294 0.647 0.000
12087 0.471 0.176 0.412 0.412 0.353 0.235 0.471 0.294 0.000 1.000
12091 0.800 0.800 0.900 0.200 0.700 0.300 0.500 0.000 1.000 0.800
12094 0.833 1.000 0.333 0.500 0.167 0.500 0.333 0.000 0.333 0.333
12100 0.444 1.000 0.667 0.667 0.111 0.000 0.000 0.000 0.000 0.000
12102 0.000 0.385 0.308 0.538 0.615 1.000 0.692 0.692 0.692 0.692
12127 0.625 1.000 0.625 0.500 0.500 0.500 0.000 0.000 0.000 0.000
12178 0.800 1.000 0.200 0.200 0.200 0.600 0.000 0.800 0.800 0.400
12180 0.400 1.000 0.800 0.733 0.200 0.000 0.000 0.333 0.000 0.067
12182 1.000 0.500 0.750 0.000 0.083 0.000 0.000 0.167 0.583 0.583
12185 1.000 0.600 0.400 0.100 0.400 0.200 0.200 0.000 0.000 0.100
12195 1.000 0.700 0.750 0.700 0.700 0.300 0.200 0.000 0.350 0.000
12255 1.000 0.727 0.727 0.273 0.636 0.636 0.455 0.545 1.000 0.000
12265 0.846 1.000 0.615 0.385 0.615 0.154 0.154 0.000 0.154 0.385
12269 1.000 0.909 0.091 0.000 0.455 0.364 0.364 0.182 0.727 0.727
12281 1.000 0.900 0.600 0.300 0.500 0.300 0.500 0.000 0.200 0.300
12339 1.000 0.500 0.500 0.667 0.333 0.667 1.000 0.000 0.667 0.667
12342 0.583 0.083 0.417 0.667 0.917 1.000 0.333 0.000 0.500 0.500
12343 1.000 0.500 0.333 0.667 1.000 0.833 0.667 0.500 1.000 0.000
12347 0.286 0.143 0.000 0.000 0.286 0.286 0.429 0.143 1.000 0.429
12386 0.700 0.800 1.000 0.400 0.400 0.600 0.000 0.700 0.500 0.700
12390 0.800 0.900 1.000 0.000 0.800 0.300 1.000 0.600 0.800 0.400
12409 0.500 0.000 0.500 0.167 0.667 0.667 1.000 1.000 1.000 1.000
12410 1.000 0.857 0.571 0.714 0.571 0.000 1.000 0.429 0.429 0.429
12465 0.000 0.500 0.500 1.000 0.750 1.000 0.250 0.500 0.250 0.250
12471 0.579 0.368 0.737 0.579 1.000 0.211 0.211 0.000 0.158 0.000
12529 0.786 0.643 0.143 0.714 0.643 0.000 0.286 0.714 0.214 1.000
12550 1.000 0.048 0.095 0.143 0.143 0.048 0.143 0.000 0.000 0.000
12573 0.625 0.625 1.000 0.875 0.750 0.500 0.500 0.000 0.875 0.250
12590 0.571 0.571 1.000 0.571 0.429 1.000 0.571 1.000 0.000 0.571
12634 1.000 0.750 0.000 0.250 0.667 0.333 0.500 0.417 0.167 0.417
12645 0.429 1.000 0.857 0.429 0.143 0.429 0.571 0.000 0.286 1.000
12649 0.909 0.000 0.091 1.000 0.545 1.000 0.182 0.273 0.818 0.818
12671 1.000 0.286 0.500 0.000 0.143 0.000 0.357 0.357 0.357 0.357
12694 1.000 0.909 0.182 0.545 0.636 0.727 0.727 0.000 1.000 0.455
12761 0.727 0.091 0.818 0.000 0.909 0.545 0.545 0.455 1.000 0.545
12794 0.857 0.929 0.571 0.571 0.286 1.000 0.357 0.571 0.000 0.500
12852 0.417 0.417 0.000 0.583 0.000 1.000 0.833 0.667 0.917 0.917
12866 0.600 1.000 0.300 0.500 0.300 0.600 1.000 0.100 0.000 0.300
12883 1.000 0.545 0.818 0.000 0.909 0.364 0.455 0.818 0.273 0.182
12889 1.000 0.412 0.471 0.000 0.529 0.382 0.265 0.235 0.235 0.147
12895 0.000 0.500 0.833 0.500 0.333 0.333 1.000 0.500 0.333 0.167
12910 1.000 1.000 0.467 0.600 0.200 0.133 0.333 0.600 0.000 0.333
12922 0.687 0.375 1.000 0.500 0.563 0.313 0.000 0.250 0.625 0.250
12944 0.316 1.000 0.474 0.105 0.105 0.000 0.000 0.000 0.000 0.105
12983 0.167 1.000 0.667 0.833 0.000 0.917 0.917 0.250 0.583 0.250
12996 0.643 0.643 0.714 0.429 0.214 0.071 1.000 0.429 0.643 0.000
12997 0.429 0.286 0.571 1.000 0.429 0.429 0.857 0.571 0.429 0.000
12998 1.000 0.545 0.727 0.000 0.364 0.273 0.545 0.091 0.091 0.091
13013 0.286 0.143 0.500 0.000 0.857 0.071 1.000 0.286 0.929 0.643
13066 1.000 0.650 0.800 0.350 0.300 0.300 0.400 0.000 0.400 0.550
13076 0.143 0.000 0.429 0.000 1.000 0.714 1.000 0.000 0.429 0.857
13080 0.647 1.000 0.588 0.000 0.118 0.118 0.000 0.235 0.294 0.059
13084 1.000 0.471 0.441 0.147 0.206 0.029 0.118 0.000 0.029 0.029
13157 0.000 0.500 0.333 0.750 0.500 0.833 0.333 0.250 1.000 0.417
13172 0.292 0.125 0.042 0.167 0.375 0.083 1.000 0.000 0.333 0.208
13176 0.000 0.714 0.571 0.143 0.571 1.000 0.571 0.714 0.571 0.000
13177 0.778 0.889 1.000 1.000 0.000 0.778 1.000 0.444 0.889 0.444
13188 0.714 0.429 0.143 0.143 1.000 0.000 0.571 0.143 0.143 0.143
13238 0.500 0.600 1.000 0.800 0.300 0.000 0.100 1.000 0.500 0.400
13267 0.556 1.000 0.889 0.778 0.444 0.000 0.000 0.000 0.000 0.000
13299 0.778 0.222 0.778 0.889 1.000 0.167 0.333 0.056 0.389 0.000
13311 1.000 0.652 0.565 0.043 0.043 0.217 0.000 0.087 0.043 0.478
13377 1.000 0.313 0.313 0.000 0.500 0.062 0.062 0.187 0.250 0.187
13380 1.000 0.444 0.667 0.000 0.778 0.444 0.333 0.444 0.222 0.333
13384 1.000 0.524 0.810 0.810 0.810 0.524 0.714 0.000 0.524 0.381
13405 0.944 0.889 1.000 1.000 1.000 0.778 0.667 0.333 0.278 0.000
13414 1.000 0.647 0.235 0.118 0.294 0.000 0.412 0.235 0.235 0.235
13415 1.000 0.923 0.846 0.692 0.500 0.308 0.000 0.000 0.038 0.077
13458 1.000 0.923 0.077 0.462 0.615 0.538 0.231 0.077 0.000 0.000
13486 0.727 0.091 0.545 0.273 0.818 0.273 1.000 0.000 0.455 0.909
13496 0.688 0.812 0.375 1.000 0.812 0.000 0.812 0.312 0.500 0.312
13504 1.000 0.412 0.882 0.294 0.765 0.706 0.471 0.235 0.118 0.000
13540 0.333 0.500 0.333 0.333 0.333 0.333 1.000 0.000 0.167 0.167
13554 0.545 1.000 0.364 0.636 0.273 0.455 0.455 0.364 0.000 0.000
13568 1.000 0.684 0.263 0.000 0.000 0.000 0.158 0.105 0.421 0.421
13625 1.000 0.467 0.467 0.267 0.600 0.000 0.067 0.200 0.467 0.200
13628 1.000 0.389 0.389 0.333 0.056 0.111 0.278 0.000 0.389 0.389
13633 1.000 0.600 0.333 0.200 0.333 0.333 0.200 0.267 0.000 0.133
13661 0.875 1.000 0.500 0.625 0.250 0.625 0.000 0.000 0.000 0.000
13668 0.857 1.000 0.571 1.000 0.000 0.000 0.000 0.000 0.000 0.000
13694 0.500 0.750 0.583 0.583 0.917 0.000 0.833 0.750 1.000 0.583
13798 1.000 0.667 0.750 0.500 0.458 0.333 0.292 0.000 0.042 0.250
13801 1.000 1.000 0.692 0.385 0.538 0.308 0.462 0.385 0.000 0.154
13815 1.000 0.400 0.467 0.000 0.133 0.000 0.267 0.200 0.600 0.333
13920 0.636 1.000 0.000 0.545 0.909 0.727 0.909 0.000 0.000 0.818
13921 0.125 0.500 1.000 0.000 0.625 0.625 0.500 0.875 0.250 0.125
12682 1.000 0.222 0.556 0.111 0.333 0.333 0.778 0.000 0.333 0.556
13472 0.875 0.875 1.000 0.750 0.875 0.313 0.437 0.500 0.187 0.000
13550 0.955 1.000 1.000 0.545 0.409 0.591 0.227 0.000 0.136 0.000
13639 0.909 1.000 0.545 0.636 0.727 0.091 0.545 0.000 0.545 0.545
13641 1.000 1.000 0.909 0.818 0.545 0.455 0.000 0.364 0.273 0.091
13642 1.000 0.615 0.808 0.269 0.192 0.385 0.615 0.000 0.808 0.538
13770 0.176 0.706 0.529 0.882 0.471 1.000 0.000 0.941 0.412 0.235
13806 0.556 0.556 0.556 0.667 0.889 0.667 0.222 1.000 0.000 0.000
13818 0.389 1.000 0.889 0.444 0.056 0.000 0.056 0.056 0.111 0.333
13904 0.667 0.111 0.778 0.889 1.000 0.556 0.778 0.000 0.111 0.111
13923 1.000 0.563 0.000 0.687 0.625 0.187 0.313 0.187 0.000 0.250
14029 0.750 1.000 0.500 0.571 0.357 0.857 0.000 0.786 0.464 0.464
14030 1.000 0.308 0.308 0.231 0.231 0.000 0.231 0.308 0.154 0.154
14037 0.941 1.000 0.882 0.882 0.294 0.000 0.176 0.235 0.059 0.294
14079 1.000 0.167 0.333 0.583 0.833 0.667 0.667 0.167 0.917 0.000
14122 1.000 0.294 0.059 0.059 0.294 0.353 0.059 0.588 0.294 0.000
14184 1.000 0.889 0.722 0.667 0.389 0.000 0.333 0.333 0.333 0.333
14199 1.000 0.333 0.222 0.222 1.000 0.222 0.444 0.000 0.556 0.778
14211 1.000 0.579 0.368 0.053 0.158 0.053 0.158 0.000 0.000 0.000
14256 0.800 0.500 0.200 0.000 0.700 0.700 1.000 0.400 0.400 0.500
14316 0.833 0.167 0.750 0.417 0.167 1.000 0.167 0.417 0.000 0.333
14324 0.889 0.000 0.444 1.000 0.333 0.444 0.444 0.444 0.444 0.444
14325 0.455 0.545 0.455 1.000 1.000 0.545 0.000 0.636 0.727 0.455
14327 0.600 0.400 1.000 0.900 1.000 0.000 0.400 1.000 0.700 0.100
14340 1.000 0.471 0.647 0.059 0.353 0.412 0.765 0.412 0.000 0.353
14403 0.300 0.300 0.200 0.900 0.100 1.000 0.100 0.000 0.800 0.000
14410 1.000 0.208 0.333 0.042 0.167 0.083 0.167 0.000 0.750 0.833
14429 0.714 0.000 0.357 0.071 0.000 0.000 1.000 0.643 0.571 0.786
14430 0.727 0.091 0.545 0.091 0.091 0.636 0.000 0.818 1.000 0.636
14434 1.000 1.000 1.000 1.000 1.000 1.000 1.000 1.000 1.000 1.000
14443 0.500 0.875 0.250 0.750 0.000 1.000 1.000 0.750 0.750 0.750
14448 0.750 1.000 0.937 0.812 0.562 0.000 0.250 0.125 0.437 0.625
14493 1.000 0.625 0.792 0.875 0.750 0.333 0.458 0.000 0.167 0.042
14496 0.462 1.000 0.615 0.000 0.308 0.000 0.385 0.077 0.231 0.308
14527 0.889 0.667 0.000 1.000 0.667 0.667 0.667 0.667 0.667 0.667
14529 0.947 0.947 1.000 0.789 0.684 0.421 0.368 0.211 0.316 0.000
14541 0.333 0.111 0.111 0.444 0.333 0.556 0.444 1.000 0.000 0.667
14547 1.000 1.000 0.250 0.250 0.750 0.750 0.000 0.000 0.500 0.000
14554 0.200 0.000 0.100 0.600 0.600 0.800 1.000 0.600 1.000 0.300
14605 1.000 0.421 0.474 0.000 0.105 0.263 0.421 0.421 0.421 0.053
14611 0.714 1.000 0.762 0.905 0.476 0.476 0.190 0.333 0.000 0.048
14626 0.857 0.000 0.286 0.857 0.571 0.000 1.000 0.714 0.714 0.714
14636 0.083 0.000 0.583 0.417 0.667 0.083 0.167 0.333 1.000 0.333
14646 0.462 0.923 1.000 0.462 0.846 0.615 1.000 0.538 0.000 0.692
14677 0.462 1.000 0.077 0.538 0.308 0.538 0.000 0.385 0.000 0.000
14682 0.000 1.000 0.438 0.688 0.500 0.375 0.625 0.562 0.000 0.000
14703 1.000 0.000 0.313 0.313 0.313 0.313 0.313 0.313 0.313 0.313
14783 0.000 0.417 0.833 1.000 0.333 1.000 0.750 0.333 0.667 0.417
14787 1.000 0.400 0.200 0.467 0.000 0.200 0.667 0.200 0.067 0.267
14836 0.364 0.364 0.909 0.000 1.000 0.000 0.636 0.273 0.636 0.182
14841 0.600 0.800 0.500 0.400 1.000 0.000 0.300 0.700 0.700 0.400
14915 0.417 0.417 0.000 0.417 0.167 0.833 1.000 0.667 0.167 0.333
14918 0.545 1.000 0.636 1.000 0.545 0.000 0.636 0.364 0.091 0.091
14926 0.000 0.200 0.900 0.200 0.700 0.300 0.700 0.500 1.000 0.000
14977 1.000 0.833 0.375 0.542 0.292 0.083 0.000 0.083 0.250 0.125
15029 0.882 0.412 0.353 1.000 0.176 0.353 0.412 0.000 0.000 0.000
15042 1.000 0.214 0.000 0.143 0.357 0.357 0.143 0.143 0.214 0.143
15058 1.000 0.900 0.000 0.400 0.300 0.400 0.000 0.600 0.000 0.600
15150 1.000 0.870 0.826 0.652 0.478 0.304 0.000 0.043 0.043 0.000
15154 1.000 0.214 0.857 0.571 0.286 0.429 0.000 0.500 0.143 0.143
15156 1.000 0.200 0.000 0.267 0.333 0.400 0.133 0.333 0.133 0.133
15158 0.778 0.278 0.111 0.167 0.056 1.000 0.389 0.167 0.111 0.000
15164 0.923 0.846 1.000 0.692 1.000 0.231 0.538 0.000 0.462 0.000
15175 1.000 0.300 0.000 0.150 0.100 0.200 0.150 0.150 0.300 0.150
15180 0.750 0.625 0.750 0.250 1.000 0.625 0.500 0.000 0.000 0.000
15247 1.000 0.429 0.714 0.429 0.286 0.524 0.095 0.190 0.000 0.095
15248 0.250 0.000 0.625 0.063 0.375 0.562 1.000 0.937 0.437 0.562
15256 0.706 1.000 0.882 0.412 0.176 0.000 0.059 0.059 0.059 0.059
15273 0.455 0.000 0.455 1.000 1.000 1.000 1.000 1.000 1.000 1.000
15277 1.000 0.545 0.364 0.182 0.545 0.364 0.455 0.455 0.273 0.000
15329 0.889 0.000 0.222 0.667 0.889 0.333 0.667 0.333 1.000 0.667
15333 0.615 0.769 1.000 0.462 0.308 0.077 0.000 0.615 0.462 0.154
15352 0.800 1.000 0.933 0.600 0.267 0.067 0.200 0.067 0.400 0.000
15357 1.000 0.560 0.520 0.400 0.520 0.200 0.000 0.640 0.640 0.080
15413 0.500 0.667 1.000 0.000 0.833 0.833 0.000 0.000 0.000 0.000
15424 0.357 1.000 0.929 0.000 0.786 0.143 0.571 0.143 0.000 0.071
15442 1.000 1.000 0.600 0.350 0.400 0.250 0.350 0.200 0.000 0.350
15471 0.857 0.643 1.000 0.429 0.429 0.571 0.429 0.429 0.214 0.000
15476 0.231 0.308 1.000 0.308 0.615 0.308 0.231 0.000 0.615 0.077
15489 1.000 0.556 0.333 0.667 0.667 0.222 0.000 0.222 0.556 0.333
15500 1.000 0.667 0.481 0.333 0.000 0.222 0.185 0.148 0.222 0.037
15506 0.333 1.000 0.952 0.857 0.810 0.810 0.810 0.571 0.000 0.143
15513 1.000 0.444 0.222 0.278 0.222 0.000 0.056 0.111 0.000 0.000
15517 0.000 0.875 0.813 1.000 0.688 0.500 0.813 0.625 0.438 0.312
15551 0.867 0.000 0.067 0.067 0.000 0.000 0.067 0.333 1.000 0.667
15560 1.000 0.286 0.381 0.333 0.000 0.048 0.333 0.238 0.238 0.238
15570 1.000 0.684 1.000 0.737 0.842 0.737 0.105 0.158 0.000 0.158
15585 1.000 0.684 0.737 0.895 0.947 0.684 0.211 0.000 0.158 0.053
15645 1.000 0.722 0.500 0.167 0.222 0.111 0.056 0.000 0.167 0.111
15665 0.700 0.700 0.900 0.800 0.000 0.000 0.500 0.700 1.000 0.300
15668 0.500 0.667 0.833 0.000 0.333 0.000 0.667 0.167 1.000 1.000
15678 0.857 0.714 1.000 0.857 0.571 0.714 0.143 0.143 0.000 0.429
15722 0.304 0.174 0.000 0.261 1.000 0.652 0.652 0.565 0.565 0.565
15757 1.000 0.833 0.500 0.167 0.333 0.333 1.000 0.000 0.667 0.333
15758 0.889 0.667 0.889 0.889 0.889 0.556 0.000 0.111 0.333 1.000
15759 0.636 0.818 0.000 0.455 0.727 0.909 0.818 1.000 0.455 0.182
15765 0.800 0.600 0.800 0.400 0.600 0.000 0.600 0.000 1.000 0.400
15822 0.000 1.000 1.000 0.250 0.000 0.250 0.000 0.000 0.000 0.000
15846 1.000 1.000 0.579 1.000 0.737 0.579 0.632 0.368 0.316 0.000
15867 1.000 0.650 0.200 0.750 0.050 0.300 0.000 0.250 0.050 0.250
15951 0.471 0.706 1.000 0.412 0.294 0.294 0.529 0.000 0.294 0.176
15966 0.312 1.000 0.750 0.187 0.562 0.375 0.688 0.000 0.063 0.250
16014 0.222 0.333 0.111 0.444 0.444 0.000 1.000 0.333 0.333 0.667
16033 0.300 0.400 1.000 0.500 0.300 0.000 0.400 0.300 0.500 0.100
16035 1.000 0.538 0.154 0.000 0.462 0.154 0.154 0.231 0.462 0.692
16092 0.200 0.800 1.000 0.000 1.000 1.000 0.200 1.000 1.000 1.000
16168 0.375 0.625 0.625 0.000 0.750 0.875 0.625 0.625 0.750 1.000
16182 1.000 0.900 0.700 1.000 0.400 0.600 0.200 0.000 0.000 0.000
16206 0.000 0.263 1.000 0.158 0.368 0.053 0.158 0.158 0.158 0.158
16245 1.000 1.000 0.250 0.250 0.250 0.250 0.250 0.000 0.000 0.000
16270 0.000 1.000 0.571 0.714 0.429 0.286 0.286 0.286 0.286 0.286
16272 1.000 0.000 0.250 1.000 0.750 1.000 0.250 0.250 0.250 0.250
16274 1.000 0.375 0.500 0.500 0.000 0.375 0.188 0.250 0.188 0.312
16292 0.250 1.000 0.875 0.875 0.875 0.000 0.125 0.750 0.875 0.875
16470 1.000 0.958 0.875 0.208 0.417 0.333 0.250 0.125 0.000 0.042
16608 0.211 1.000 0.737 0.789 0.263 0.316 0.105 0.421 0.000 0.000
16618 0.778 0.778 0.667 0.333 0.556 0.000 1.000 0.222 0.222 0.222
15660 0.125 1.000 0.625 0.000 0.375 0.375 0.625 0.875 0.750 0.500
15797 0.000 0.167 0.889 0.833 0.722 0.611 0.833 1.000 0.222 0.556
16099 1.000 0.545 0.909 0.727 0.909 0.545 0.591 0.545 0.182 0.000
16210 0.000 0.929 0.643 1.000 0.500 0.357 0.429 0.857 0.857 0.571
16355 1.000 1.000 0.739 0.435 0.696 0.217 0.783 0.130 0.261 0.000
16530 0.444 0.000 1.000 0.889 0.667 1.000 0.444 0.778 0.556 0.889
16571 1.000 0.769 0.462 0.385 0.308 0.000 0.231 0.154 0.385 0.154
16574 1.000 0.550 0.750 0.350 0.650 0.000 0.350 0.000 0.100 0.050
16683 0.714 0.143 0.714 0.000 1.000 0.143 0.429 0.429 0.286 0.429
16704 1.000 0.185 0.000 0.074 0.111 0.000 0.222 0.037 0.000 0.000
16706 0.700 0.800 0.500 0.700 0.900 0.000 0.700 1.000 0.500 0.200
16727 0.714 0.643 1.000 0.286 0.000 0.643 0.357 0.357 0.500 0.857
16755 0.133 0.000 0.733 0.133 0.200 0.667 1.000 1.000 1.000 1.000
16766 1.000 0.875 0.625 0.438 0.375 0.312 0.063 0.000 0.375 0.250
16772 1.000 0.000 1.000 0.000 0.778 0.111 0.333 0.667 0.222 0.778
16778 0.545 0.636 0.545 0.545 0.364 0.273 0.273 0.182 0.000 1.000
16790 1.000 0.833 0.611 0.444 0.667 0.444 0.389 0.222 0.000 0.278
16792 0.333 0.444 0.667 0.222 0.556 0.667 1.000 0.556 0.000 0.333
16880 1.000 0.000 0.000 0.714 0.857 0.857 0.571 0.286 0.286 0.286
16901 0.909 1.000 1.000 0.727 0.545 1.000 0.000 0.545 0.182 0.091
16914 0.300 0.400 0.000 0.800 0.400 0.600 0.200 1.000 0.600 0.500
16949 0.000 0.333 0.667 0.556 0.667 0.222 0.556 0.778 1.000 1.000
16985 0.286 0.286 0.000 0.571 0.286 0.714 1.000 0.286 0.000 0.571
16988 1.000 0.941 0.412 0.000 0.118 0.353 0.235 0.118 0.176 0.235
17008 0.391 0.696 0.826 1.000 1.000 0.565 0.565 0.391 0.043 0.000
17028 1.000 0.833 1.000 0.667 0.333 0.500 0.667 0.667 0.167 0.000
17042 0.667 0.667 1.000 0.000 0.800 0.467 0.867 0.133 0.600 0.600
17080 1.000 0.600 0.300 0.000 0.100 0.500 0.500 0.500 0.500 0.500
17111 1.000 0.550 0.750 0.300 0.750 0.250 0.400 0.200 0.000 0.150
17115 1.000 0.500 0.000 0.357 0.357 0.071 0.000 0.143 0.143 0.143
17128 1.000 0.609 0.739 0.261 0.261 0.130 0.261 0.304 0.261 0.000
17150 1.000 0.619 1.000 0.714 0.524 0.333 0.000 0.000 0.048 0.048
17155 0.500 0.250 1.000 1.000 0.250 0.000 0.000 0.000 0.750 0.000
17195 1.000 0.500 0.417 0.667 0.833 0.417 0.000 0.500 0.917 0.250
17199 0.000 0.400 0.400 0.950 1.000 0.800 0.900 0.250 0.600 0.150
17201 0.800 1.000 0.900 0.800 0.700 0.000 0.200 0.200 0.800 0.400
17218 0.000 0.571 0.286 0.857 0.714 0.714 0.857 0.429 1.000 0.143
17227 1.000 0.577 0.308 0.308 0.192 0.000 0.077 0.000 0.385 0.346
17243 0.909 0.909 0.364 0.000 0.727 0.364 0.364 0.455 1.000 0.273
17244 1.000 0.100 0.900 0.900 0.700 0.700 0.700 0.800 0.000 0.500
17252 1.000 0.870 0.696 0.261 0.174 0.000 0.000 0.217 0.217 0.217
17254 0.462 0.615 1.000 0.308 0.231 0.846 0.538 0.692 0.615 0.000
17262 0.571 0.857 0.286 0.571 0.857 0.000 1.000 0.857 0.286 0.857
17268 1.000 0.833 0.667 0.556 0.333 0.167 0.056 0.000 0.389 0.000
17277 1.000 0.000 0.167 0.278 0.278 0.278 0.444 0.111 0.389 0.056
17279 1.000 0.750 0.250 0.417 0.000 0.417 0.000 0.000 0.000 0.000
17287 0.500 0.625 0.875 1.000 0.375 0.250 0.750 0.250 1.000 0.000
17302 0.417 0.583 0.667 0.583 1.000 0.500 0.167 0.417 0.000 0.250
17345 0.667 0.556 1.000 0.000 0.889 1.000 0.667 0.667 0.222 0.222
17351 1.000 0.667 1.000 1.000 0.667 1.000 1.000 1.000 0.000 0.000
17355 1.000 1.000 0.500 0.071 0.000 0.000 0.357 0.071 0.286 0.286
17356 0.240 0.280 0.120 0.000 0.280 0.280 0.360 1.000 0.800 0.360
17444 1.000 0.562 0.125 0.063 0.375 0.000 0.375 0.125 0.250 0.063
17445 1.000 0.000 0.111 0.389 0.333 0.000 0.389 0.222 0.222 0.222
17474 0.000 0.667 0.917 0.750 0.917 0.333 1.000 0.917 0.667 0.500
17483 0.615 1.000 1.000 0.846 0.846 0.923 0.462 0.308 0.462 0.000
17491 0.591 1.000 0.909 1.000 0.364 0.591 0.409 0.273 0.227 0.000
17569 0.000 0.444 0.000 1.000 0.000 0.667 0.111 0.222 0.111 0.556
17570 1.000 0.588 0.706 0.471 0.588 0.588 0.588 0.000 0.176 0.118
17573 1.000 0.000 0.429 0.429 0.429 0.429 0.429 0.429 0.429 0.429
17583 1.000 0.937 0.688 0.375 0.688 0.312 0.500 0.875 0.312 0.000
17621 0.706 1.000 0.294 1.000 0.000 0.235 0.176 0.176 0.059 0.529
17639 1.000 0.091 0.364 0.000 0.545 0.091 0.545 0.455 0.818 0.182
17651 0.000 1.000 0.800 0.800 0.200 0.333 0.267 0.133 0.400 0.267
17671 0.889 0.444 0.444 0.444 0.778 1.000 0.667 0.000 1.000 0.778
17703 1.000 0.000 0.636 0.273 0.455 0.727 0.545 0.364 0.364 0.364
17738 0.100 0.500 0.600 0.300 0.300 1.000 0.000 0.400 0.400 0.300
17825 1.000 0.500 0.375 0.312 0.375 0.312 0.250 0.063 0.063 0.000
17840 0.368 0.158 1.000 0.737 0.211 0.211 0.211 0.263 0.211 0.000
17841 1.000 0.250 0.333 0.500 0.500 0.417 0.000 0.167 0.500 0.000
17846 0.706 0.412 0.941 0.647 1.000 0.647 0.647 0.706 0.882 0.000
17848 0.957 0.739 1.000 0.696 0.652 0.478 0.478 0.261 0.261 0.000
17853 1.000 0.000 0.167 0.167 0.167 0.167 0.417 0.417 0.417 0.417
17859 0.455 0.364 0.000 0.545 1.000 0.182 0.000 0.000 0.273 0.273
17912 1.000 0.417 0.750 0.417 0.667 0.667 0.167 0.750 0.000 0.000
17913 0.091 1.000 0.818 0.000 0.636 0.545 0.455 0.182 0.000 0.091
17919 1.000 0.389 0.611 0.222 0.444 0.167 0.333 0.000 0.111 0.111
17946 1.000 0.308 0.154 0.154 0.385 0.231 0.462 0.077 0.077 0.000
17972 1.000 0.615 0.769 0.769 0.615 0.000 0.308 0.231 0.615 0.154
17975 1.000 0.857 0.500 0.214 0.214 0.143 0.000 0.214 0.071 0.071
17986 0.500 0.750 0.500 0.500 0.750 0.250 0.000 0.500 0.250 1.000
17987 0.000 0.429 0.857 0.571 0.143 0.857 0.571 0.857 1.000 0.714
18011 0.857 0.857 1.000 0.857 0.357 0.143 0.571 0.571 0.357 0.000
18068 1.000 0.647 0.765 0.294 0.588 0.235 0.706 0.000 0.059 0.000
18076 1.000 0.727 0.152 0.212 0.182 0.182 0.152 0.000 0.121 0.091
18210 0.500 0.750 0.000 1.000 0.500 0.500 0.000 0.375 0.500 0.000
18211 0.625 0.250 0.000 0.750 0.750 0.125 1.000 0.375 0.375 0.375
18216 0.154 1.000 0.462 0.615 0.615 0.538 0.846 0.923 0.846 0.000
18219 0.364 0.227 0.273 1.000 0.500 0.364 0.318 0.000 0.227 0.682
18278 0.619 1.000 0.381 0.190 0.238 0.143 0.238 0.095 0.048 0.000
18291 0.833 0.333 0.833 0.333 1.000 0.500 0.167 0.500 0.833 0.000
18306 1.000 0.950 0.650 0.050 0.300 0.050 0.000 0.150 0.000 0.400
18307 1.000 0.187 0.500 0.000 0.437 0.125 0.563 0.375 0.563 0.437
18309 1.000 0.625 0.625 0.000 0.625 0.375 0.125 0.000 0.500 0.375
18314 0.750 1.000 0.833 0.667 0.250 0.000 0.000 0.333 0.750 0.250
18316 1.000 0.600 0.333 0.133 0.267 0.133 0.333 0.000 0.000 0.000
18376 1.000 0.586 0.690 0.379 0.552 0.345 0.448 0.241 0.310 0.000
18387 1.000 0.875 0.875 0.625 0.750 0.500 1.000 0.375 0.000 0.000
18394 0.000 0.400 0.200 0.400 1.000 0.000 0.800 0.200 0.000 0.200
18418 0.714 0.786 1.000 0.000 0.500 0.143 0.286 0.571 0.286 0.143
18427 1.000 0.250 0.667 0.083 0.333 0.417 0.333 0.083 0.167 0.000
18432 0.316 0.105 0.263 0.000 0.316 0.105 0.421 1.000 0.895 0.895
18476 0.667 1.000 0.167 0.667 0.833 0.500 0.167 0.667 0.000 0.000
18479 0.000 0.455 0.545 0.727 1.000 0.682 0.773 1.000 0.864 1.000
18488 0.400 0.933 0.200 0.467 0.000 0.067 0.933 0.467 1.000 0.067
18537 1.000 1.000 0.889 0.333 0.333 0.444 0.222 0.333 0.111 0.000
18552 0.778 0.667 1.000 0.000 0.667 0.667 0.333 0.667 0.222 0.889
18554 1.000 0.545 0.818 0.364 0.818 0.182 0.000 0.273 0.273 0.636
18609 1.000 0.778 0.000 0.778 0.444 0.667 0.556 0.778 0.778 0.778
18610 1.000 0.684 0.316 0.474 0.316 0.158 0.158 0.263 0.000 0.474
18611 1.000 0.200 0.800 1.000 0.800 1.000 0.500 0.000 0.500 0.400
18614 0.471 0.588 0.824 0.588 1.000 0.059 0.000 0.000 0.000 0.000
18698 1.000 0.792 0.750 0.083 0.208 0.208 0.292 0.167 0.042 0.000
18704 1.000 0.824 0.824 0.412 0.471 0.294 0.412 0.588 0.235 0.000
18712 0.615 1.000 0.231 0.462 0.154 0.231 0.231 0.000 0.385 0.308
18713 0.500 1.000 0.750 0.125 0.250 0.000 0.250 1.000 1.000 1.000
18714 0.750 1.000 0.625 0.375 0.000 0.625 0.625 0.250 0.250 0.250
18723 0.867 0.000 0.000 1.000 0.733 0.800 0.467 1.000 0.400 0.467
18729 1.000 0.500 0.700 0.700 0.000 0.500 0.500 0.800 0.800 0.800
18730 0.000 0.714 1.000 0.714 0.429 0.857 0.571 0.857 0.571 0.714
18791 0.786 0.679 0.750 0.750 0.143 1.000 0.786 0.179 0.000 0.000
18810 1.000 0.720 0.800 0.600 0.440 0.160 0.240 0.080 0.080 0.000
18815 1.000 0.263 0.053 0.158 0.526 0.000 0.000 0.053 0.053 0.105
18819 1.000 0.393 0.500 0.357 0.393 0.000 0.107 0.071 0.286 0.250
18820 0.750 0.583 0.417 1.000 0.417 0.583 0.000 0.167 0.000 0.167
18835 0.125 0.125 0.250 0.312 0.250 0.188 0.125 0.000 0.875 1.000
18850 0.857 1.000 0.643 0.143 0.357 0.500 0.500 0.143 0.071 0.000
18911 0.615 1.000 0.769 0.462 0.923 0.538 0.846 0.000 0.846 0.769
18915 0.100 0.300 0.000 1.000 0.400 0.100 0.400 0.100 0.100 0.100
18994 1.000 1.000 1.000 0.650 0.600 0.400 0.350 0.000 0.300 0.350
18999 1.000 0.250 0.812 0.500 0.750 0.625 0.875 0.063 0.625 0.000
19006 1.000 0.000 0.444 0.667 0.667 0.667 0.667 0.667 0.667 0.667
19012 0.320 0.400 1.000 0.800 0.520 0.480 0.480 0.000 0.240 0.320
19015 1.000 0.500 0.700 0.400 0.500 0.500 0.600 0.300 0.000 0.700
19024 0.667 0.000 1.000 0.083 0.833 0.833 0.250 0.750 0.667 0.167
19103 0.300 0.500 0.500 0.000 0.600 0.700 0.300 0.200 0.300 1.000
19104 0.952 0.333 0.333 1.000 0.905 0.571 0.381 0.190 0.143 0.000
19115 1.000 0.444 0.444 0.889 0.111 0.111 0.000 0.222 0.778 0.333
19131 0.947 1.000 0.526 0.105 0.368 0.211 0.158 0.316 0.000 0.368
19148 0.900 0.900 0.700 0.600 0.600 0.500 0.400 0.200 1.000 0.000
19151 0.556 0.556 1.000 1.000 0.444 0.111 0.000 0.111 0.444 0.444
19155 0.000 0.200 1.000 0.200 0.800 1.000 0.000 0.400 0.200 0.000
19157 1.000 0.684 0.737 0.316 0.158 0.158 0.211 0.000 0.632 0.368
19158 0.857 0.714 1.000 0.571 0.000 0.143 0.571 0.714 0.429 1.000
19160 1.000 1.000 0.875 0.500 0.875 0.375 0.625 0.750 1.000 0.000
19167 0.429 0.571 0.857 0.429 0.143 0.000 0.429 0.857 1.000 0.429
19212 1.000 0.333 0.500 0.667 0.556 0.389 0.000 0.111 0.111 0.111
19221 1.000 0.500 0.400 0.000 0.100 0.200 0.600 0.200 0.700 0.400
19319 1.000 0.000 0.167 1.000 1.000 1.000 1.000 1.000 1.000 1.000
19324 1.000 0.500 0.214 0.071 0.286 0.000 0.357 0.143 0.357 0.214
19329 0.867 1.000 0.533 0.467 0.733 0.867 0.333 0.400 0.600 0.000
19333 0.750 0.000 0.250 0.125 0.375 0.125 0.187 1.000 0.938 0.875
19552 0.786 0.286 1.000 0.500 0.429 0.000 0.500 0.571 0.357 0.214
19553 1.000 0.000 0.000 0.286 0.286 0.571 0.429 0.286 0.571 0.143
19571 1.000 0.263 0.105 0.158 0.579 0.211 0.368 0.421 0.000 0.158
19640 1.000 0.278 0.222 0.278 0.389 0.000 0.167 0.111 0.167 0.222
19645 0.875 1.000 0.875 1.000 0.000 0.563 0.875 0.437 0.313 0.187
19661 1.000 0.600 0.280 0.280 0.320 0.000 0.160 0.080 0.080 0.120
19663 0.905 1.000 0.762 1.000 0.571 0.714 0.143 0.000 0.143 0.048
19669 1.000 0.250 0.667 0.333 0.000 0.500 0.333 0.417 0.500 0.500
19672 1.000 0.154 0.308 0.462 0.154 0.077 0.154 0.000 0.000 0.154
19684 0.500 0.500 0.750 0.500 0.000 0.750 1.000 0.375 0.375 0.375
19726 0.769 0.538 0.462 1.000 0.692 0.000 0.000 0.231 0.308 0.308
19731 0.083 0.083 0.333 1.000 0.250 0.000 0.167 0.667 0.083 0.500
19739 0.591 0.727 0.864 1.000 0.909 0.182 0.364 0.091 0.227 0.000
19742 0.889 0.389 0.500 0.556 0.833 0.444 0.389 0.000 0.278 1.000
19743 1.000 0.556 0.333 0.056 0.278 0.056 0.278 0.000 0.333 0.167
19744 0.000 0.000 0.727 0.091 1.000 0.455 0.545 0.182 0.636 0.091
19752 1.000 0.560 0.520 0.160 0.160 0.000 0.040 0.320 0.320 0.320
19756 0.667 0.444 0.889 0.778 0.000 0.444 0.444 0.333 1.000 0.222
19768 1.000 0.519 0.593 0.444 0.667 0.519 0.259 0.148 0.000 0.037
19770 0.962 0.846 1.000 0.269 0.423 0.231 0.308 0.154 0.077 0.000
19773 1.000 0.455 1.000 0.000 0.909 0.636 0.364 0.636 0.818 0.182
19785 0.625 0.500 0.562 1.000 0.688 0.500 0.187 0.187 0.000 0.250
19802 0.409 0.500 0.727 1.000 1.000 0.545 0.500 0.545 0.000 0.364
19803 0.917 0.917 1.000 0.250 0.000 0.500 0.333 0.583 0.583 0.083
19808 1.000 0.700 0.600 0.100 0.100 0.200 0.000 0.400 0.200 0.200
19868 1.000 0.125 0.375 0.625 0.000 0.250 0.625 0.625 0.125 0.125
19881 0.400 1.000 0.600 0.800 0.800 0.800 0.800 0.400 0.000 0.000
19980 1.000 0.444 0.000 0.222 0.222 0.444 0.333 1.000 1.000 1.000
20000 1.000 0.500 0.700 0.300 0.400 0.700 0.500 0.800 0.000 0.200
20009 1.000 1.000 0.000 0.000 0.000 0.600 0.600 0.600 0.600 0.600
20011 1.000 0.500 0.278 0.000 0.000 0.056 0.111 0.167 0.222 0.000
20012 1.000 0.750 1.000 0.000 0.875 0.500 0.250 0.250 0.375 0.750
20020 1.000 0.647 0.824 0.118 0.529 0.000 0.176 0.118 0.176 0.000
20044 0.000 0.100 0.600 0.500 0.200 0.300 0.500 0.600 1.000 0.000
20077 0.739 1.000 0.000 0.087 0.174 0.043 0.391 0.043 0.130 0.435
20102 0.960 0.920 1.000 0.720 0.720 0.760 0.640 0.680 0.280 0.000
20111 1.000 0.364 0.000 0.818 0.636 0.727 0.182 0.182 0.455 0.727
20142 1.000 0.357 0.500 0.429 0.286 0.571 0.500 0.643 0.714 0.000
20147 1.000 0.950 0.850 0.700 0.500 0.050 0.100 0.100 0.100 0.000
20161 0.800 0.100 1.000 0.200 0.400 0.200 0.800 0.000 0.400 0.000
20264 0.000 0.778 1.000 0.222 0.889 0.778 0.778 0.778 0.778 0.778
20265 0.500 0.700 0.500 0.000 0.800 1.000 0.800 0.600 0.900 0.800
20282 0.778 1.000 0.556 0.389 0.778 0.000 0.556 0.611 0.333 0.389
20355 1.000 0.438 0.375 0.000 0.375 0.312 0.312 0.375 0.375 0.188
20358 0.850 0.850 0.800 1.000 0.650 0.650 0.250 0.100 0.000 0.400
20362 1.000 0.200 0.300 0.000 0.000 0.000 0.000 0.000 0.000 0.000
20387 0.700 0.500 1.000 0.500 1.000 0.500 0.600 0.700 0.500 0.000
20395 0.600 0.700 0.500 0.100 1.000 0.600 0.700 0.300 0.300 0.000
20397 0.100 0.000 0.500 0.200 1.000 0.500 0.100 0.400 0.400 0.400
20403 0.857 0.643 1.000 0.571 0.500 0.500 0.143 0.000 0.000 0.071
20474 1.000 0.870 0.739 0.348 0.609 0.522 0.087 0.000 0.261 0.348
20485 1.000 0.750 0.000 0.125 0.250 0.438 0.312 0.625 0.000 0.312
20486 0.929 1.000 0.357 0.214 0.214 0.000 0.286 0.000 0.071 0.000
20489 0.762 1.000 0.714 0.667 0.857 0.524 0.810 0.524 0.238 0.000
20495 1.000 0.667 0.667 0.778 0.778 0.000 0.333 0.778 0.889 0.667
20505 1.000 0.813 0.063 0.063 0.000 0.312 0.438 0.375 0.188 0.500
20516 0.222 0.667 0.889 0.667 1.000 0.333 0.444 0.667 0.000 0.222
20561 0.700 0.200 0.900 1.000 0.000 0.600 0.200 0.700 0.600 0.500
20572 0.625 0.750 0.875 0.125 1.000 0.000 1.000 0.250 1.000 0.375
20573 1.000 1.000 0.750 0.500 0.000 0.250 0.300 0.300 0.300 0.300
20576 1.000 0.750 0.333 0.500 0.500 0.250 0.250 0.083 0.083 0.000
20583 1.000 0.500 0.455 0.091 0.182 0.000 0.091 0.000 0.091 0.318
20616 1.000 0.250 0.583 0.083 0.167 0.667 0.250 0.417 0.000 0.000
20635 0.375 0.125 0.375 0.000 0.375 1.000 1.000 1.000 1.000 1.000
20746 0.545 1.000 0.818 0.818 0.364 0.364 0.273 0.091 0.273 0.000
20752 0.056 0.000 0.389 0.222 0.222 0.167 0.333 1.000 0.889 0.556
20772 1.000 0.556 0.000 0.444 0.778 0.889 0.889 0.889 0.889 0.889
20791 0.500 0.571 0.286 1.000 0.214 0.143 0.357 0.000 0.000 0.000
20870 0.909 0.273 1.000 0.545 0.091 0.091 0.636 0.000 0.727 0.545
20874 0.000 0.111 0.222 0.222 1.000 0.778 0.222 0.222 0.222 0.222
20880 0.444 1.000 0.222 0.667 1.000 0.000 0.667 0.889 0.889 0.889
20882 0.818 0.818 1.000 0.364 0.909 0.273 0.818 0.000 0.000 0.000
20883 1.000 0.806 0.581 0.452 0.194 0.000 0.065 0.065 0.065 0.065
20896 1.000 0.375 0.625 0.062 0.500 0.125 0.250 0.000 0.313 0.187
20915 1.000 0.444 0.778 0.111 0.333 0.111 0.556 0.333 0.444 0.000
20923 1.000 0.077 0.769 0.154 0.462 0.000 0.615 0.077 0.077 0.077
20990 0.600 1.000 0.800 0.800 0.600 0.000 0.000 0.600 0.200 0.400
20993 0.100 0.500 0.800 0.000 1.000 0.200 0.500 0.300 0.800 0.500
20997 1.000 0.529 0.588 0.294 0.059 0.000 0.118 0.059 0.000 0.000
21003 0.906 0.844 1.000 0.500 0.281 0.094 0.000 0.094 0.188 0.125
21006 0.286 0.571 1.000 0.571 0.929 0.571 0.000 0.571 0.571 0.071
21013 1.000 0.375 0.250 0.125 0.125 0.250 0.125 0.000 0.125 0.042
21020 0.385 1.000 0.308 0.462 0.538 0.000 0.462 0.231 0.462 0.538
21060 1.000 0.833 0.667 0.708 0.125 0.208 0.000 0.375 0.167 0.167
21108 0.375 0.250 1.000 1.000 0.875 0.125 1.000 0.125 0.375 0.000
21113 0.900 0.800 0.200 0.700 0.000 1.000 0.900 0.100 0.600 0.000
21121 0.667 0.222 1.000 0.000 0.222 0.333 1.000 1.000 1.000 1.000
21161 0.467 0.800 1.000 0.400 0.467 0.133 0.000 0.067 0.333 0.200
21174 1.000 0.533 1.000 0.467 0.533 0.267 0.467 0.000 0.000 0.000
21193 0.667 0.417 1.000 0.417 0.833 0.167 0.250 0.000 0.833 0.500
21200 0.957 0.957 1.000 0.565 0.478 0.391 0.174 0.043 0.000 0.043
21210 0.375 1.000 0.750 0.375 0.000 0.000 0.000 0.000 0.000 0.000
21247 1.000 0.611 0.722 0.722 0.944 0.278 0.389 0.389 0.111 0.000
21251 1.000 0.364 0.909 0.000 0.364 0.000 0.364 0.545 0.545 0.545
21294 0.182 0.000 0.364 1.000 0.636 0.727 1.000 0.273 0.455 0.636
21305 1.000 0.500 0.600 0.600 1.000 0.300 0.000 0.200 0.800 0.200
21311 0.909 0.909 1.000 0.773 0.727 0.545 0.636 0.545 0.727 0.000
21312 0.312 0.500 0.562 0.000 0.562 0.625 1.000 0.500 0.437 0.500
21314 0.750 0.250 0.375 0.875 1.000 0.000 0.250 0.750 0.625 0.875
21317 1.000 0.273 0.455 0.364 0.818 0.727 0.000 0.000 0.818 0.000
21328 1.000 0.750 0.400 0.150 0.300 0.050 0.000 0.400 0.250 0.350
21361 1.000 0.818 0.091 0.273 0.818 0.000 0.000 0.000 0.000 0.000
21364 0.545 0.909 0.182 0.182 1.000 0.545 0.818 0.091 0.636 0.000
21366 0.444 0.444 1.000 0.333 0.222 0.000 0.444 0.222 0.222 0.222
21367 1.000 0.091 0.364 0.182 0.182 0.727 0.727 0.000 0.182 0.091
21371 1.000 0.786 0.429 0.000 0.214 0.214 0.357 0.071 0.071 0.071
21372 0.571 0.000 0.286 1.000 0.571 0.000 0.143 0.286 0.286 0.143
21377 0.556 1.000 0.778 0.000 0.000 0.000 0.000 0.000 0.000 0.000
21391 0.818 1.000 0.818 0.727 0.636 0.273 0.636 0.545 0.455 0.000
21394 1.000 0.400 0.533 0.400 0.267 0.333 0.200 0.000 0.400 0.333
21395 1.000 0.357 0.357 0.000 0.286 0.071 0.071 0.071 0.143 0.000
21417 1.000 0.556 0.778 0.778 0.000 0.556 1.000 0.222 0.222 0.222
21421 0.400 1.000 0.200 1.000 0.200 0.000 0.000 0.000 0.000 0.000
21450 0.000 0.923 0.923 0.923 0.462 0.462 0.462 1.000 0.385 0.385
21472 0.000 1.000 1.000 1.000 1.000 1.000 1.000 1.000 1.000 1.000
21473 1.000 0.565 0.217 0.391 0.217 0.000 0.261 0.174 0.000 0.130
21474 0.562 1.000 0.625 0.125 0.438 0.438 0.125 0.000 0.125 0.000
21479 0.538 1.000 0.462 0.308 0.077 0.154 0.385 0.308 0.385 0.000
21482 1.000 0.400 0.700 0.000 0.400 0.800 0.300 0.400 0.400 0.500
21498 0.000 1.000 0.250 1.000 0.500 0.250 0.250 0.417 0.500 0.333
21505 1.000 0.000 0.077 0.308 0.154 0.000 0.154 0.154 0.077 0.231
21513 0.357 0.357 0.000 0.000 0.143 0.214 1.000 1.000 1.000 1.000
21517 0.143 0.143 0.000 0.857 0.143 1.000 0.714 0.857 1.000 0.571
21535 0.917 0.000 1.000 0.917 0.417 0.917 1.000 0.667 0.167 0.250
21548 1.000 0.714 0.571 0.500 0.750 0.679 0.286 0.107 0.036 0.000
21560 0.385 1.000 0.308 0.000 0.154 0.462 0.077 0.769 0.154 0.154
21567 0.700 1.000 0.700 0.300 0.700 0.000 0.000 0.000 0.000 0.000
21575 1.000 0.250 0.000 0.750 1.000 0.750 0.750 0.750 0.750 0.750
21589 1.000 0.231 0.000 0.000 0.000 0.000 0.000 0.000 0.000 0.000
21591 1.000 0.167 0.167 0.583 0.167 0.250 0.333 0.000 0.000 0.000
21617 0.375 0.625 1.000 0.375 0.500 0.125 0.000 0.375 0.000 0.500
21628 1.000 0.455 0.545 0.227 0.000 0.000 0.000 0.000 0.000 0.000
21657 0.900 0.700 0.400 0.900 0.400 0.500 0.700 1.000 0.400 0.000
21693 0.000 0.182 0.182 0.182 0.545 1.000 0.273 0.091 0.455 0.909
21704 1.000 0.650 0.750 0.500 0.450 0.250 0.350 0.250 0.400 0.000
21708 1.000 0.278 0.889 0.167 0.556 0.056 0.278 0.222 0.056 0.000
21716 1.000 0.071 0.214 0.286 0.714 0.000 0.000 0.000 0.000 0.143
21719 1.000 0.550 0.400 0.000 0.500 0.450 0.550 0.300 0.200 0.100
21787 0.500 0.071 0.429 0.286 0.571 0.214 0.429 0.000 1.000 0.071
21788 1.000 0.235 0.471 0.118 0.176 0.000 0.294 0.353 0.353 0.353
21803 0.833 1.000 0.000 0.167 0.667 0.000 0.500 0.833 1.000 0.333
21918 1.000 0.857 1.000 0.571 0.857 0.286 0.286 0.143 0.571 0.000
21928 0.800 0.700 0.000 0.500 0.800 0.800 0.300 0.700 1.000 0.100
21937 0.000 0.462 1.000 0.077 0.462 0.385 0.308 0.385 0.462 0.308
21938 0.850 1.000 0.300 0.100 0.150 0.000 0.200 0.000 0.100 0.200
21962 0.484 1.000 0.387 0.290 0.032 0.032 0.000 0.065 0.065 0.161
21985 0.111 1.000 0.333 0.556 0.667 0.333 0.333 0.556 0.000 0.333
22001 1.000 0.500 0.600 0.367 0.267 0.167 0.133 0.200 0.000 0.133
22015 1.000 0.450 0.400 0.200 0.450 0.050 0.350 0.000 0.200 0.200
22022 1.000 1.000 1.000 0.187 0.187 0.000 0.375 0.187 0.562 0.500
22030 1.000 0.000 0.909 0.545 0.545 0.273 0.636 1.000 0.636 0.727
22040 1.000 0.541 0.135 0.135 0.054 0.108 0.081 0.000 0.189 0.108
22061 1.000 1.000 0.429 0.071 0.643 0.000 0.429 0.571 0.857 0.143
22067 1.000 0.400 0.150 0.200 0.200 0.200 0.000 0.200 0.100 0.400
22078 0.000 0.320 0.280 0.200 0.680 1.000 0.800 0.360 0.360 0.160
22121 0.500 1.000 0.250 0.500 0.000 1.000 1.000 1.000 1.000 1.000
22131 1.000 0.692 0.923 0.462 0.385 0.269 0.000 0.000 0.000 0.000
22198 0.267 0.333 1.000 0.333 0.000 0.000 0.133 0.133 0.600 0.000
22204 1.000 1.000 0.722 0.389 0.389 0.167 0.167 0.389 0.056 0.000
22214 0.000 0.222 0.333 1.000 0.444 0.556 0.778 0.667 0.667 0.000
22227 1.000 0.762 0.571 0.571 0.619 0.286 0.190 0.238 0.000 0.238
22238 0.727 0.455 0.000 0.273 0.727 1.000 1.000 0.909 0.273 0.545
22262 0.889 0.889 1.000 0.444 0.667 0.333 0.000 0.222 0.222 0.222
22270 1.000 0.850 0.900 0.550 0.000 0.150 0.100 0.150 0.500 0.350
22271 0.875 0.312 0.187 0.000 0.187 1.000 0.438 0.375 0.812 0.000
22347 0.000 0.400 0.400 1.000 1.000 1.000 1.000 1.000 1.000 1.000
22354 0.688 0.812 1.000 0.750 0.688 0.375 0.812 0.000 0.438 0.187
22355 0.417 0.750 0.750 0.333 0.417 0.417 0.000 0.583 1.000 0.083
22361 0.583 1.000 0.750 0.750 0.000 0.250 0.167 0.083 0.500 0.667
22379 0.786 1.000 0.857 0.643 0.643 0.571 0.286 0.000 0.714 0.357
22380 0.200 0.500 0.500 0.100 0.000 0.200 0.600 0.500 0.600 1.000
22454 1.000 0.706 0.824 0.471 0.588 0.118 0.176 0.000 0.235 0.235
22469 1.000 1.000 0.400 0.267 0.333 0.067 0.400 0.200 0.667 0.000
22529 1.000 0.400 0.533 0.200 0.133 0.000 0.067 0.533 0.533 0.333
22534 0.400 0.267 1.000 0.933 0.400 0.200 0.000 0.467 0.333 0.400
22556 0.083 1.000 0.417 0.250 0.667 0.083 0.167 0.750 0.000 0.417
22625 1.000 0.900 0.400 0.400 0.800 0.100 0.000 0.800 0.800 0.800
22640 1.000 0.588 0.353 0.412 0.471 0.176 0.353 0.000 0.412 0.412
22641 0.435 0.000 0.652 1.000 0.826 0.261 0.739 0.435 0.391 0.304
22683 0.875 0.875 0.000 0.750 0.000 1.000 0.500 0.250 0.000 0.125
22703 0.000 0.000 0.455 0.182 0.727 1.000 0.545 0.455 0.545 0.636
22706 1.000 0.826 0.609 0.261 0.304 0.130 0.174 0.087 0.087 0.000
22731 0.455 1.000 0.545 0.818 0.364 0.273 0.364 0.091 0.000 0.182
22734 0.500 1.000 0.250 0.625 0.250 1.000 0.500 0.500 0.000 0.000
22736 1.000 0.636 0.364 0.091 0.545 0.000 0.727 0.091 0.636 0.364
22742 0.727 1.000 0.273 0.818 0.727 0.636 0.636 0.000 0.818 0.545
22749 0.000 0.429 1.000 0.857 0.429 0.429 0.429 0.286 1.000 0.143
22768 1.000 0.187 0.437 0.313 0.062 0.000 0.437 0.375 0.375 0.375
22783 1.000 0.687 0.938 0.437 0.687 0.500 0.000 0.187 0.000 0.062
22836 0.125 0.250 0.500 0.875 0.625 1.000 0.000 0.500 0.625 1.000
22845 0.818 0.818 0.909 1.000 0.091 0.091 0.000 0.091 0.091 0.091
22853 0.500 0.875 0.375 0.375 0.375 0.000 0.750 0.250 1.000 0.625
22860 1.000 0.769 0.769 0.462 0.077 0.462 0.231 0.000 0.000 0.000
22882 0.812 0.812 1.000 0.500 0.562 0.125 0.000 0.125 0.187 0.312
22925 1.000 0.000 0.286 0.429 0.714 0.286 0.857 0.286 0.429 0.429
22959 0.000 1.000 0.769 0.462 0.846 0.000 1.000 0.692 0.923 0.231
22962 0.000 0.556 1.000 0.889 1.000 0.111 0.444 1.000 0.333 0.556
22963 0.412 0.765 1.000 0.412 0.235 0.588 0.176 0.000 0.294 0.471
22976 1.000 0.286 0.619 0.429 0.476 0.095 0.048 0.000 0.000 0.000
23034 0.235 1.000 0.353 0.029 0.059 0.029 0.059 0.118 0.000 0.029
23037 0.600 0.900 0.500 0.100 0.000 1.000 0.600 0.000 0.600 0.600
23048 0.933 0.267 0.267 0.267 0.000 0.733 1.000 0.867 0.867 0.867
23051 1.000 1.000 0.812 0.125 0.312 0.438 0.438 0.000 0.000 0.000
23052 0.000 1.000 0.444 0.778 0.778 0.556 0.000 0.667 0.444 0.778
23074 1.000 0.667 0.500 0.333 0.167 0.333 0.000 0.167 0.667 0.167
23080 1.000 0.360 0.600 0.480 0.560 0.160 0.240 0.240 0.280 0.000
23122 0.440 1.000 0.440 0.240 0.000 0.160 0.040 0.160 0.200 0.160
23163 0.000 0.250 1.000 0.000 0.000 0.000 0.000 0.000 0.000 0.000
23173 0.583 0.333 0.583 1.000 0.417 0.417 0.000 0.417 0.667 0.500
23193 0.467 0.933 0.000 0.133 0.067 0.067 0.133 0.200 0.133 1.000
23216 1.000 0.083 0.583 0.167 0.000 0.583 0.750 1.000 0.833 0.833
23218 1.000 0.412 0.706 0.706 0.529 0.529 0.765 0.000 0.235 0.000
23251 1.000 0.182 0.636 0.818 0.455 0.727 0.273 0.455 0.182 0.000
23258 0.333 1.000 0.944 0.833 0.333 0.444 0.389 0.222 0.000 0.111
23267 0.571 0.571 0.857 0.714 0.857 0.857 0.000 1.000 0.714 0.571
23334 0.857 0.071 0.500 0.786 1.000 0.000 0.500 0.500 0.429 0.429
23341 0.857 1.000 0.000 0.857 0.286 0.286 0.429 0.571 0.143 0.286
23403 0.552 1.000 0.793 0.793 0.552 0.483 0.138 0.138 0.000 0.034
23424 1.000 0.444 0.667 0.222 0.000 0.556 0.556 0.556 0.556 0.556
23425 0.167 1.000 0.611 0.722 0.556 0.389 0.000 0.333 0.222 0.444
23442 1.000 0.588 0.471 0.412 0.588 0.000 0.588 0.412 0.471 0.118
23452 0.077 1.000 0.923 0.769 0.846 0.385 0.538 0.462 0.308 0.000
23457 1.000 0.615 0.692 0.000 0.692 0.231 0.385 0.000 0.000 0.000
23462 1.000 0.565 0.217 0.087 0.435 0.130 0.087 0.304 0.261 0.000
23471 1.000 0.722 0.278 0.278 0.000 0.000 0.444 0.000 0.222 0.389
23492 0.429 1.000 0.000 0.143 0.143 0.286 0.000 1.000 0.571 0.571
23557 1.000 0.500 0.286 0.071 0.500 0.000 0.000 0.143 0.500 0.357
23566 0.950 0.850 1.000 0.750 0.800 0.600 0.350 0.050 0.300 0.000
23567 0.375 0.125 1.000 0.500 0.625 0.000 0.000 0.000 0.000 0.000
23577 1.000 0.615 0.308 0.308 0.308 0.000 0.077 0.154 0.154 0.154
23591 0.000 0.364 0.091 1.000 0.818 0.727 0.273 0.818 0.818 0.818
23670 0.077 0.154 0.692 0.000 0.154 1.000 0.769 0.769 0.769 0.769
23680 1.000 0.636 0.455 0.273 0.727 0.455 0.182 0.000 0.455 0.182
23810 0.864 1.000 0.227 0.409 0.000 0.364 0.091 0.182 0.136 0.364
23860 0.500 1.000 0.500 0.200 0.200 0.200 0.000 0.150 0.100 0.350
23865 0.125 1.000 0.125 0.562 0.125 0.000 0.000 0.187 0.063 0.312
23873 0.200 0.900 1.000 0.700 0.500 0.400 0.000 0.300 0.700 0.500
23880 0.000 0.083 0.500 0.083 0.667 0.000 0.667 0.250 1.000 0.250
23892 1.000 0.941 0.588 0.588 0.706 0.000 0.529 0.235 0.059 0.294
23900 0.250 0.000 0.750 1.000 0.417 0.167 0.083 0.833 0.667 0.750
23931 0.800 0.400 0.800 0.800 1.000 0.600 0.200 0.000 0.200 0.200
23936 1.000 0.381 0.333 0.143 0.095 0.000 0.286 0.048 0.095 0.286
23964 0.500 0.200 0.500 1.000 0.700 0.800 0.000 0.200 0.200 0.200
24056 0.000 1.000 0.636 0.455 0.182 0.273 0.636 0.182 0.182 0.182
24094 1.000 0.750 0.643 0.393 0.143 0.107 0.000 0.000 0.036 0.036
24096 0.391 0.130 0.609 1.000 0.826 0.652 0.696 0.000 0.304 0.261
24156 0.600 0.600 0.200 0.800 0.400 0.800 0.000 1.000 0.200 0.600
24162 1.000 0.692 0.231 0.308 0.000 0.077 0.000 0.308 0.154 0.077
24188 0.167 0.500 0.000 0.500 1.000 0.500 0.000 1.000 0.000 0.333
24268 0.583 0.750 1.000 0.500 0.500 0.667 0.750 0.667 0.583 0.000
24279 0.000 0.455 0.545 0.455 0.000 0.182 0.636 1.000 0.545 0.000
24313 0.000 0.500 0.833 1.000 0.500 0.167 0.500 0.500 0.000 0.000
24339 1.000 0.750 0.450 0.450 0.400 0.100 0.300 0.000 0.150 0.150
24340 0.111 0.611 0.500 0.389 0.444 1.000 0.278 0.722 0.444 0.000
24375 0.929 1.000 0.429 0.000 0.786 0.357 0.714 0.071 0.714 0.286
24385 1.000 0.824 0.294 0.412 0.176 0.000 0.235 0.235 0.235 0.353
24387 1.000 0.769 0.423 0.500 0.269 0.269 0.154 0.115 0.000 0.000
24389 0.273 1.000 0.091 0.091 0.455 0.727 0.545 0.545 0.000 0.364
24390 0.769 1.000 0.538 0.462 0.000 0.385 0.308 0.077 0.538 0.154
24393 0.846 1.000 0.308 0.154 0.308 0.231 0.154 0.154 0.385 0.000
24438 1.000 0.100 0.250 0.100 0.150 0.200 0.100 0.100 0.300 0.000
24475 0.273 1.000 1.000 0.818 0.727 0.818 0.636 0.818 0.000 0.091
24494 0.000 0.700 0.800 1.000 0.900 0.900 0.300 0.600 0.400 0.400
24513 0.545 0.364 1.000 0.091 0.364 0.545 0.545 0.000 0.091 0.364
24522 0.000 1.000 0.375 0.250 0.625 0.500 0.875 0.750 0.625 0.250
24540 1.000 0.000 0.200 0.133 0.133 0.267 0.200 0.533 0.267 0.133
24553 0.091 0.091 0.818 0.182 0.909 0.182 1.000 0.000 0.000 0.000
24558 0.200 0.067 0.200 0.133 0.200 0.333 1.000 0.000 0.733 0.467
24561 0.333 0.167 0.667 0.000 1.000 1.000 0.167 0.000 0.500 0.000
24566 0.231 1.000 0.692 0.231 0.154 0.000 0.308 0.308 0.154 0.308
24568 0.211 1.000 0.789 0.421 0.105 0.474 0.316 0.368 0.000 0.421
24603 0.222 0.111 0.778 0.000 1.000 1.000 1.000 1.000 1.000 1.000
24612 0.111 0.667 0.222 0.667 0.111 1.000 0.000 0.000 0.000 0.000
24639 1.000 0.933 0.933 0.933 0.800 0.800 0.600 0.333 0.533 0.000
24646 1.000 0.500 0.917 0.000 0.417 0.417 0.250 0.583 0.417 0.333
24653 0.833 0.000 0.500 0.167 0.333 1.000 0.333 0.667 0.000 0.000
24675 1.000 0.455 0.636 0.182 0.545 0.000 0.909 0.636 0.818 0.455
24720 0.571 0.786 1.000 0.286 0.071 0.357 0.357 0.000 0.143 0.357
24741 0.400 0.600 0.200 0.100 1.000 0.300 0.000 0.300 0.300 0.300
24742 0.385 0.000 1.000 0.231 1.000 0.154 0.462 0.000 0.308 0.308
24751 1.000 0.700 0.800 0.400 0.700 0.000 0.800 0.400 0.200 0.300
24759 0.667 0.333 1.000 0.000 0.833 0.333 0.667 0.167 0.167 0.167
24760 0.333 0.583 0.500 0.417 1.000 0.333 0.333 0.333 0.667 0.000
24766 0.952 1.000 0.810 0.905 0.238 0.190 0.143 0.000 0.000 0.048
24774 0.889 0.222 0.556 0.556 1.000 0.000 0.667 0.333 0.667 0.222
24778 1.000 0.556 0.500 0.222 0.500 0.222 0.000 0.000 0.389 0.056
24857 1.000 0.526 0.474 0.316 0.211 0.368 0.000 0.316 0.211 0.632
24865 1.000 0.273 0.182 0.455 0.273 0.000 0.000 0.000 0.000 0.000
24869 0.600 0.200 1.000 1.000 0.000 0.800 0.200 0.000 0.000 0.000
24878 0.714 0.857 1.000 0.571 0.714 0.857 1.000 0.000 0.571 0.714
24966 0.429 0.714 0.000 0.429 0.857 0.714 0.714 1.000 1.000 1.000
24992 0.706 1.000 1.000 0.412 0.294 0.235 0.294 0.176 0.000 0.235
24997 0.300 0.400 0.400 0.700 1.000 0.500 0.800 0.000 0.700 0.200
25021 1.000 0.437 0.219 0.125 0.063 0.125 0.000 0.094 0.000 0.063
25033 0.917 1.000 0.667 0.417 0.583 0.417 0.000 0.417 0.417 0.083
25043 1.000 0.583 0.333 0.083 0.917 0.167 0.500 0.000 0.500 0.083
25051 1.000 0.615 0.308 0.385 0.000 0.462 0.769 0.308 0.231 0.154
25069 1.000 0.417 0.542 0.000 0.208 0.250 0.333 0.125 0.208 0.250
25112 0.667 0.857 1.000 0.810 0.905 0.476 0.524 0.238 0.048 0.000
25116 0.900 1.000 0.700 0.000 0.100 0.000 0.600 0.600 0.600 0.600
25122 0.400 1.000 0.300 0.300 0.000 0.300 0.700 0.700 0.700 0.700
25159 0.833 0.417 0.583 0.917 1.000 0.167 0.417 0.000 0.417 0.333
25172 0.889 1.000 0.667 0.333 0.222 0.556 0.111 0.333 0.000 0.222
25214 0.786 1.000 0.000 0.357 0.000 0.214 0.214 0.357 0.500 0.000
25220 0.250 0.250 0.125 0.375 1.000 0.000 0.750 0.375 1.000 0.000
25228 1.000 0.654 0.346 0.154 0.154 0.038 0.154 0.000 0.038 0.077
25244 0.333 0.222 0.778 0.000 0.444 0.222 1.000 0.333 0.333 0.000
25250 0.400 0.400 0.667 0.200 0.533 0.333 0.200 1.000 0.667 0.000
25330 1.000 0.773 0.091 0.273 0.136 0.227 0.227 0.136 0.000 0.000
25338 1.000 0.000 0.333 0.133 0.733 0.267 0.000 0.333 0.000 0.267
25357 0.455 0.000 0.455 0.545 1.000 0.364 0.545 0.364 0.727 0.273
25358 0.900 0.300 1.000 0.000 0.700 0.500 0.500 0.600 0.400 0.200
25364 1.000 0.474 0.789 0.579 0.684 0.737 0.684 0.474 0.211 0.000
25372 1.000 0.333 0.333 0.000 0.467 0.133 0.333 0.267 0.467 0.200
25377 0.875 1.000 0.750 0.500 0.125 0.125 0.125 0.000 0.875 0.000
25400 0.000 0.786 0.107 1.000 0.714 0.607 0.429 0.571 0.071 0.036
25451 0.917 1.000 0.083 0.083 0.000 0.083 0.083 0.333 0.167 0.083
25453 1.000 0.357 0.857 0.429 0.643 0.000 0.000 0.000 0.000 0.000
25460 0.000 0.667 0.833 0.778 0.611 0.278 0.444 0.222 1.000 0.556
25524 0.600 0.500 0.400 1.000 0.800 0.000 0.700 0.900 0.500 0.700
25559 0.118 1.000 0.706 0.824 0.294 0.235 0.235 0.353 0.000 0.353
25583 1.000 0.696 0.478 0.522 0.565 0.087 0.174 0.000 0.217 0.174
25590 0.111 1.000 0.889 0.556 0.444 0.000 0.778 0.333 0.444 0.333
25593 0.273 0.727 0.091 0.727 0.000 0.727 0.182 0.182 1.000 0.182
25602 1.000 0.800 0.800 0.400 0.000 0.500 0.600 0.000 0.000 0.500
25609 1.000 0.632 0.316 0.105 0.000 0.316 0.105 0.000 0.053 0.053
25686 0.875 0.500 0.000 0.000 1.000 0.375 0.500 0.750 0.500 0.250
25705 1.000 0.000 0.200 0.450 0.050 0.000 0.100 0.400 0.050 0.050
25743 0.857 0.750 1.000 0.607 0.536 0.393 0.250 0.000 0.000 0.179
25764 0.750 0.625 0.500 0.250 1.000 0.750 0.250 0.000 0.375 0.625
25796 0.600 0.800 0.500 1.000 0.800 0.500 0.600 0.500 0.300 0.000
25798 0.375 0.625 0.000 0.375 0.500 1.000 0.750 1.000 0.125 0.625
25799 1.000 0.762 0.667 0.571 0.286 0.000 0.476 0.095 0.095 0.238
25802 0.632 0.158 0.211 0.474 0.211 1.000 0.000 0.368 0.000 0.789
25804 0.227 1.000 0.955 0.273 0.636 0.091 0.364 0.227 0.045 0.000
25909 0.455 1.000 0.273 0.273 0.273 0.455 0.636 0.000 0.636 0.000
25913 1.000 0.600 0.500 0.550 0.750 0.600 0.400 0.300 0.650 0.000
25922 1.000 0.833 0.667 0.500 0.333 0.500 0.333 1.000 0.000 1.000
25940 1.000 0.852 0.593 0.444 0.037 0.333 0.148 0.000 0.074 0.222
25951 0.882 1.000 0.706 0.706 0.353 0.235 0.294 0.118 0.235 0.000
25958 1.000 1.000 0.000 0.833 0.833 0.833 0.833 0.833 0.833 0.833
25988 0.900 0.000 0.000 0.200 0.000 0.900 0.400 0.900 0.500 1.000
26031 0.556 0.111 0.278 0.222 0.000 0.278 0.056 0.056 1.000 0.556
26043 1.000 0.429 0.238 0.048 0.190 0.190 0.048 0.190 0.143 0.000
26046 1.000 0.680 0.600 0.200 0.280 0.280 0.160 0.000 0.160 0.000
26048 1.000 0.000 0.333 0.333 0.556 0.444 0.444 0.444 0.444 0.444
26066 0.875 0.375 0.875 0.250 0.625 1.000 0.875 0.000 0.375 0.250
26159 0.167 0.500 1.000 0.333 0.667 0.000 0.333 0.500 0.500 0.333
26183 1.000 0.167 0.333 0.500 0.667 0.000 0.000 0.333 0.500 0.833
26268 1.000 0.091 0.636 0.273 0.000 0.364 0.545 0.455 0.455 0.455
26356 0.900 0.000 0.700 0.300 0.300 0.100 1.000 0.100 0.700 0.400
26359 1.000 0.818 0.636 0.818 0.727 0.000 0.545 0.364 0.545 0.273
26365 0.750 0.000 1.000 0.083 0.583 0.167 0.500 0.417 0.417 0.417
26378 1.000 0.864 0.727 0.864 0.864 0.500 0.409 0.091 0.045 0.000
26387 0.889 0.333 0.778 1.000 0.778 0.111 0.111 0.000 0.667 0.444
26389 0.357 0.429 0.357 0.357 0.214 0.000 0.429 0.643 1.000 0.500
26411 1.000 0.286 0.571 0.286 0.357 0.000 0.500 0.143 0.143 0.000
26468 0.333 0.667 1.000 0.000 0.000 0.000 0.000 0.000 0.000 0.000
26482 0.950 0.200 1.000 0.500 0.650 0.500 0.600 0.300 0.450 0.000
26485 1.000 0.812 0.438 0.187 0.187 0.063 0.125 0.250 0.000 0.187
26488 1.000 0.900 0.800 0.000 0.300 0.500 0.700 0.500 0.300 0.000
26491 1.000 0.250 0.625 0.000 0.375 0.000 0.500 0.250 0.625 0.750
26515 0.357 0.786 1.000 0.571 0.000 0.143 0.286 0.143 0.143 0.143
26525 0.400 0.933 1.000 0.467 0.000 0.000 0.000 0.000 0.000 0.000
26536 0.083 1.000 0.167 0.250 0.000 0.417 0.083 0.333 0.250 0.333
26590 0.429 0.143 1.000 0.143 0.714 0.286 0.857 0.429 0.857 0.000
26595 0.947 0.737 0.947 0.474 1.000 0.737 0.526 0.000 0.316 0.000
26605 1.000 0.577 0.769 0.462 0.269 0.000 0.000 0.000 0.000 0.000
26631 1.000 0.000 0.750 1.000 0.250 0.500 0.250 0.000 0.000 0.000
26634 1.000 0.800 0.800 0.267 0.200 0.067 0.067 0.067 0.200 0.000
26641 0.500 0.125 0.000 0.750 0.375 0.000 1.000 0.125 0.625 0.500
26690 0.000 0.444 0.889 1.000 0.556 0.667 0.722 0.333 0.444 0.333
26697 1.000 0.182 0.182 0.091 0.182 0.091 0.182 0.000 0.273 0.000
26706 1.000 0.400 0.600 0.000 0.200 0.200 0.400 0.000 0.000 0.000
26708 1.000 0.600 0.200 0.400 0.200 1.000 0.000 0.400 0.400 0.400
26714 0.455 0.000 0.091 1.000 0.182 0.000 0.091 0.364 0.182 0.273
26717 1.000 0.417 0.208 0.167 0.042 0.000 0.000 0.000 0.000 0.000
26726 0.889 1.000 0.333 0.444 0.000 0.667 0.222 0.889 0.889 0.333
26728 0.000 0.087 0.087 1.000 0.696 0.913 0.739 0.957 0.609 0.783
26796 0.125 0.375 0.125 0.250 0.125 0.625 0.875 0.125 1.000 0.000
26802 0.222 0.000 0.778 0.222 0.111 0.778 1.000 0.111 0.444 0.000
26806 1.000 0.000 0.000 0.000 0.000 0.000 0.000 0.000 0.000 0.000
26827 1.000 0.467 0.667 0.000 0.600 0.333 0.600 0.400 0.467 0.600
26831 1.000 0.091 0.364 0.000 0.000 0.364 0.000 0.182 0.455 0.091
26833 1.000 0.571 0.619 0.333 0.190 0.095 0.238 0.000 0.095 0.048
26842 1.000 0.118 0.059 0.176 0.235 0.059 0.529 0.000 0.118 0.118
26904 0.100 0.600 1.000 0.200 0.400 0.400 0.800 0.600 0.900 0.000
26910 1.000 0.333 0.667 0.333 0.500 0.000 0.500 1.000 0.333 0.667
26922 1.000 0.375 0.500 0.125 0.375 0.062 0.250 0.000 0.000 0.000
26928 1.000 0.000 1.000 0.333 0.333 0.333 0.333 0.333 0.333 0.333
26931 1.000 0.533 0.333 0.067 0.400 0.067 0.467 0.000 0.267 0.067
26938 1.000 1.000 0.714 0.286 0.190 0.238 0.143 0.095 0.286 0.000
26943 1.000 0.333 0.889 0.000 0.667 0.667 1.000 0.333 0.333 0.333
26995 0.625 0.375 0.000 0.250 0.625 0.625 0.750 0.125 1.000 0.375
27022 0.778 0.333 0.000 0.667 0.889 1.000 0.889 0.889 0.556 0.778
27048 0.000 0.636 0.545 0.455 1.000 1.000 0.545 0.727 0.818 1.000
27056 1.000 0.625 0.562 0.063 0.188 0.125 0.063 0.000 0.000 0.000
27057 1.000 0.182 0.636 0.455 0.545 0.545 0.909 0.000 0.182 0.273
27070 0.444 1.000 0.889 0.667 1.000 0.556 0.778 0.667 0.222 0.000
27076 1.000 0.286 0.571 0.333 0.381 0.238 0.238 0.143 0.095 0.000
27084 0.588 1.000 0.882 0.941 0.706 0.412 0.000 0.353 0.529 0.059
27088 0.000 0.778 0.222 0.444 0.667 0.333 1.000 0.000 0.778 0.333
27120 1.000 0.412 0.941 0.235 0.118 0.000 0.000 0.000 0.000 0.000
27121 1.000 0.167 0.389 0.056 0.000 0.111 0.333 0.278 0.444 0.111
27129 1.000 0.529 0.765 0.471 0.706 0.118 0.706 0.235 0.765 0.000
27171 0.846 1.000 1.000 0.000 0.846 1.000 0.231 0.692 0.462 0.385
27191 1.000 0.952 0.905 0.476 0.905 0.667 0.524 0.333 0.000 0.238
27225 0.333 0.600 1.000 0.000 0.600 0.000 0.733 0.400 0.667 0.467
27229 0.083 0.417 0.000 1.000 0.500 0.000 0.833 0.500 0.500 0.000
27230 1.000 0.600 0.900 0.700 0.450 0.200 0.650 0.300 0.450 0.000
27232 0.941 0.294 1.000 0.765 0.412 0.412 0.294 0.000 0.294 0.294
27238 0.833 0.667 1.000 0.375 0.333 0.083 0.125 0.000 0.125 0.167
27241 0.545 1.000 0.818 0.545 0.273 0.455 0.455 0.000 0.545 0.636
27248 0.800 1.000 0.400 0.280 0.160 0.160 0.320 0.080 0.000 0.200
27281 0.500 0.300 1.000 0.700 0.000 0.100 0.900 0.500 0.500 0.500
27285 1.000 0.143 0.000 0.214 0.286 0.071 0.071 0.071 0.214 0.000
27295 1.000 0.381 0.571 0.095 0.286 0.000 0.143 0.190 0.190 0.095
27332 1.000 0.765 0.059 0.294 0.353 0.235 0.000 0.235 0.294 0.294
27347 0.913 1.000 0.783 0.217 0.217 0.000 0.348 0.087 0.391 0.130
27348 0.545 0.909 0.000 0.455 0.455 0.182 0.000 0.455 0.455 1.000
27349 0.688 0.000 0.625 0.438 1.000 0.188 0.750 0.188 0.188 0.188
27350 0.941 1.000 0.765 0.706 1.000 0.588 0.588 0.412 0.412 0.000
27353 1.000 0.682 0.636 0.136 0.000 0.182 0.091 0.091 0.091 0.091
27354 0.500 0.000 0.312 0.625 0.875 0.500 1.000 0.562 0.562 0.562
27367 1.000 0.714 0.393 0.143 0.071 0.143 0.179 0.107 0.143 0.000
27371 0.615 0.615 0.923 0.692 1.000 0.538 0.462 0.846 0.000 0.077
27413 0.000 0.400 0.500 0.600 0.500 1.000 0.400 0.800 0.200 0.700
27427 0.300 0.400 0.500 0.600 0.900 0.200 1.000 0.400 0.700 0.000
27439 0.909 0.727 0.818 1.000 0.727 0.000 0.000 0.636 0.364 0.273
27441 1.000 0.571 0.786 0.714 0.714 0.357 0.357 0.000 0.357 0.500
27456 0.667 0.667 0.333 0.500 0.000 1.000 0.167 0.500 0.000 0.000
27498 1.000 0.438 0.625 0.438 0.812 0.688 0.438 0.375 0.375 0.000
27500 0.417 1.000 0.917 0.667 0.250 0.417 0.333 0.000 0.333 0.083
27514 0.900 1.000 0.900 0.800 0.800 0.600 0.600 0.200 0.200 0.000
27542 0.700 0.400 0.800 0.200 1.000 0.100 0.600 0.000 0.800 0.400
27551 0.625 0.125 0.375 0.063 0.375 0.000 0.312 0.500 1.000 1.000
27558 0.187 0.313 0.000 0.437 0.125 0.062 1.000 0.187 0.500 0.250
27564 1.000 0.526 0.789 0.579 0.789 0.316 0.105 0.105 0.000 0.000
27594 1.000 0.143 0.429 0.286 0.286 0.571 0.000 0.714 0.714 0.714
27595 1.000 0.379 0.310 0.655 0.207 0.345 0.000 0.310 0.138 0.241
27605 0.158 0.000 0.632 0.053 0.211 0.684 1.000 0.947 0.842 0.474
27608 0.846 0.000 0.154 0.615 0.462 1.000 0.615 0.769 0.308 0.308
27611 0.125 0.000 0.500 1.000 0.208 0.125 0.250 0.292 0.375 0.083
27620 0.273 0.000 0.364 0.182 1.000 0.545 0.455 0.455 0.455 0.455
27698 0.500 0.000 0.667 0.167 0.500 0.167 1.000 0.000 0.500 0.167
27762 0.700 1.000 0.400 0.700 0.400 0.000 0.100 0.300 0.400 0.400
27785 0.818 0.455 0.727 0.636 0.000 0.818 0.818 1.000 1.000 0.818
27811 0.929 0.857 1.000 0.357 0.929 0.214 0.643 0.143 0.429 0.000
27825 1.000 0.063 0.188 0.063 0.125 0.125 0.250 0.000 0.375 0.063
27828 0.636 0.273 1.000 0.364 1.000 0.000 0.182 0.636 0.545 0.455
27830 0.615 0.000 0.538 0.385 1.000 0.000 0.692 0.308 0.769 0.615
27840 1.000 0.769 0.615 0.308 0.154 0.462 0.923 0.923 0.308 0.000
27844 0.200 0.200 0.000 0.200 0.800 0.400 0.400 0.400 0.400 1.000
27913 0.579 1.000 0.158 0.211 0.053 0.000 0.263 0.368 0.105 0.526
27921 1.000 0.800 0.500 0.200 0.000 0.500 0.300 0.400 0.400 0.400
27937 0.258 0.226 0.258 0.000 0.258 0.065 1.000 1.000 1.000 1.000
28045 0.091 0.364 0.000 0.545 0.818 1.000 0.364 0.455 0.545 0.909
28053 0.167 0.500 0.417 0.000 0.750 0.583 0.333 0.250 0.333 1.000
28056 1.000 0.150 0.150 0.050 0.150 0.000 0.150 0.100 0.250 0.100
28063 1.000 0.643 0.714 0.643 0.786 0.286 0.286 0.071 0.214 0.000
28074 0.750 0.000 0.125 0.500 0.125 0.875 1.000 1.000 0.500 0.500
28091 0.867 0.267 0.000 1.000 0.067 0.600 0.133 0.267 0.200 0.067
28145 1.000 1.000 0.500 0.600 0.400 0.300 0.000 0.100 0.000 0.400
28163 0.800 0.200 1.000 0.800 0.000 0.400 0.200 0.200 0.400 0.400
28170 0.929 1.000 0.643 0.000 0.500 0.500 0.214 0.357 0.929 0.929
28173 0.421 0.000 0.421 0.158 0.421 0.368 1.000 1.000 1.000 1.000
28175 1.000 0.889 0.667 0.556 0.778 0.889 0.444 0.889 0.000 0.556
28189 1.000 0.778 0.333 0.222 0.111 0.222 0.056 0.167 0.389 0.000
28224 0.667 1.000 0.067 0.267 0.333 0.600 0.200 0.000 0.000 0.400
28263 1.000 0.500 0.625 0.250 1.000 0.250 0.625 0.125 0.750 0.000
28305 1.000 0.353 0.176 0.412 0.000 0.235 0.176 0.471 0.353 0.000
28312 1.000 0.667 0.500 0.500 0.000 0.333 0.167 0.333 0.333 0.333
28316 0.333 0.444 0.333 0.333 0.000 0.444 1.000 0.556 0.444 0.222
28331 1.000 0.000 0.000 0.000 0.000 0.000 0.000 0.000 0.000 0.000
28333 1.000 0.733 0.800 0.667 0.867 0.400 0.267 0.267 0.333 0.000
28347 0.800 0.950 0.850 0.650 0.800 1.000 0.400 0.400 0.500 0.000
28363 0.182 0.000 0.091 0.000 0.091 0.545 0.273 1.000 0.182 0.182
28373 1.000 0.632 0.789 0.632 0.737 0.421 0.421 0.211 0.316 0.000
28374 0.889 1.000 0.778 0.222 0.333 0.000 0.556 0.000 0.111 0.444
28379 0.300 0.400 0.200 0.500 0.300 0.100 1.000 0.000 1.000 0.600
28385 1.000 0.733 0.333 0.000 0.467 1.000 0.867 1.000 0.733 0.867
28394 0.857 0.143 0.000 0.143 0.143 1.000 0.571 0.000 0.857 0.429
28402 1.000 0.515 0.424 0.182 0.333 0.000 0.121 0.364 0.212 0.273
28533 1.000 0.429 0.429 0.286 0.000 0.714 1.000 0.429 0.429 0.143
28555 1.000 0.900 0.000 0.300 0.500 0.100 0.200 0.000 0.400 0.500
28644 0.733 1.000 1.000 0.667 0.867 0.467 0.267 0.133 0.000 0.000
28649 1.000 0.769 0.692 0.692 0.231 0.385 0.462 0.231 0.000 0.077
28657 0.125 0.875 0.750 0.375 0.375 0.375 0.000 0.750 1.000 0.375
28664 1.000 0.714 0.333 0.286 0.190 0.000 0.000 0.095 0.048 0.333
28671 0.375 0.625 0.750 0.625 0.000 0.375 0.000 1.000 0.250 0.000
28723 0.455 0.636 0.909 0.727 1.000 0.000 0.909 0.636 0.545 0.636
28730 1.000 0.714 0.393 0.179 0.071 0.036 0.071 0.071 0.000 0.179
28772 1.000 0.300 0.150 0.050 0.000 0.150 0.150 0.100 0.000 0.050
28785 0.000 0.400 1.000 0.200 0.400 0.400 0.400 0.000 0.600 0.200
28907 1.000 0.750 0.667 0.250 0.458 0.292 0.000 0.208 0.250 0.208
28920 0.200 0.400 0.000 0.800 0.000 1.000 0.600 0.800 0.600 1.000
28928 0.455 0.364 0.364 0.364 0.000 0.273 0.455 0.545 0.273 1.000
28951 0.571 1.000 0.571 0.000 0.429 0.714 0.286 0.714 0.143 0.714
28952 1.000 0.250 0.437 0.125 0.313 0.125 0.250 0.000 0.062 0.062
28958 0.455 0.727 0.364 0.000 0.455 0.000 0.455 0.727 1.000 0.182
28959 0.000 0.500 0.500 0.400 0.200 1.000 0.100 0.000 1.000 0.800
28973 0.900 0.500 1.000 0.700 0.200 0.500 0.000 0.800 0.500 0.000
28978 0.688 1.000 0.187 0.562 0.562 0.688 0.250 0.500 0.000 0.187
28979 0.545 0.545 0.545 0.000 0.818 0.727 0.909 0.636 1.000 0.545
28998 0.526 0.632 0.211 0.000 0.211 0.474 1.000 0.474 0.368 0.316
29024 0.000 0.000 1.000 0.250 0.625 0.625 0.250 0.250 0.625 0.375
29025 0.000 0.375 1.000 0.500 0.875 0.375 0.750 0.125 0.500 0.500
29027 1.000 0.917 0.792 0.792 0.875 0.792 0.792 1.000 0.292 0.000
29050 0.636 0.727 0.818 1.000 0.273 0.636 0.545 0.727 0.000 0.909
29052 1.000 0.158 0.789 0.421 0.105 0.000 0.526 0.105 0.474 0.211
29055 1.000 0.333 0.167 0.000 0.278 0.278 0.333 0.222 0.278 0.222
29101 1.000 0.333 0.750 0.000 0.500 0.417 0.500 0.333 0.417 0.667
29102 1.000 0.133 0.800 0.267 0.467 0.133 0.467 0.000 0.133 0.267
29110 1.000 0.125 0.750 0.375 0.875 0.125 1.000 0.000 0.625 0.250
29118 0.071 1.000 0.929 0.071 0.071 0.000 0.000 0.000 0.000 0.000
29122 0.846 0.923 1.000 0.615 0.615 0.385 0.615 0.000 0.615 0.077
29197 0.750 1.000 0.583 0.583 0.667 0.000 0.333 0.167 0.083 0.333
29241 0.143 0.143 1.000 0.571 0.429 0.000 0.714 0.714 1.000 0.857
29245 0.500 0.400 0.600 0.600 1.000 0.200 0.000 0.600 0.600 0.600
29248 0.286 0.429 0.714 0.000 1.000 0.143 0.143 0.143 0.143 0.143
29254 1.000 0.200 0.200 0.133 0.067 0.067 0.000 0.000 0.000 0.000
29259 1.000 0.421 0.474 0.368 0.316 0.368 0.263 0.526 0.421 0.000
29268 0.786 1.000 0.857 0.929 0.714 0.214 0.429 0.071 0.000 0.143
29290 0.733 1.000 0.400 0.333 0.200 0.000 0.267 0.000 0.067 0.267
29314 0.786 1.000 0.714 0.571 0.321 0.286 0.000 0.250 0.571 0.250
29316 0.650 1.000 0.000 0.450 0.150 0.150 0.300 0.450 0.150 0.450
29331 1.000 0.412 0.176 0.294 0.118 0.118 0.176 0.000 0.235 0.471
29350 0.444 0.778 0.444 0.333 0.778 0.667 1.000 0.000 0.111 0.889
29351 0.952 0.286 0.381 0.238 0.286 0.238 0.190 0.000 0.952 1.000
29369 1.000 0.923 0.654 0.846 0.346 0.115 0.000 0.000 0.038 0.154
29370 1.000 0.437 1.000 0.375 0.562 0.000 0.063 0.125 0.000 0.250
29372 1.000 0.059 0.000 0.118 0.294 0.294 0.294 0.294 0.294 0.294
29443 0.571 0.714 1.000 0.000 1.000 0.143 0.857 0.714 0.857 0.429
29450 1.000 0.437 0.000 0.375 0.187 0.375 0.250 0.250 0.313 0.313
29471 1.000 0.591 0.818 0.818 0.364 0.227 0.227 0.000 0.182 0.091
29493 1.000 1.000 0.636 0.364 0.273 0.818 0.455 0.636 0.000 0.000
29551 1.000 0.267 0.400 0.267 0.867 0.267 0.467 0.000 0.667 0.333
29559 0.714 0.357 1.000 0.214 0.286 0.000 0.143 0.214 0.429 0.786
29565 0.571 0.143 0.143 1.000 0.000 0.143 0.143 0.429 0.429 0.143
29572 0.769 1.000 0.846 0.000 0.231 0.385 0.231 0.308 0.692 0.385
29612 0.300 0.800 1.000 0.800 1.000 0.000 1.000 0.700 0.900 0.700
29614 0.955 1.000 0.455 0.636 0.136 0.000 0.045 0.136 0.136 0.000
29640 1.000 0.421 0.789 0.316 0.579 0.421 0.579 0.421 0.000 0.053
29669 1.000 0.455 0.682 0.591 0.682 0.455 0.545 0.318 0.000 0.273
29774 0.375 0.250 1.000 0.750 0.875 0.125 0.875 0.250 0.000 0.750
29778 0.889 0.778 1.000 0.000 0.667 0.444 0.444 0.444 0.444 0.444
29782 0.111 0.333 1.000 0.444 0.333 0.444 0.222 0.000 0.333 0.333
29873 0.000 0.250 1.000 0.250 0.750 0.250 0.500 0.500 0.500 0.500
29896 1.000 0.667 0.333 0.000 0.333 0.250 0.250 0.250 0.250 0.250
29914 1.000 0.385 0.077 0.154 0.538 0.231 0.308 0.000 0.462 0.077
29962 1.000 0.100 1.000 0.800 0.600 0.500 0.200 0.600 0.000 0.000
30008 1.000 0.600 0.600 0.000 0.400 0.600 0.000 0.000 0.000 0.000
30213 0.571 0.000 1.000 0.857 0.857 0.857 0.857 0.857 0.857 0.857
