1127
1364
1367
1556
1705
1756
1780
1996
2046
2062
2063
2156
2218
2219
2399
2420
2551
2587
2666
2924
2968
3018
302
3216
3221
3382
3706
3853
3864
3976
4289
436
4602
4706
472
4781
483
4831
4913
4916
5040
5126
5157
5238
5261
5342
5371
548
5564
5569
5578
569
5786
5954
6084
614
617
6214
6218
6287
6628
665
723
787
10567
10681
10804
11001
11099
11105
11162
11248
5653
6186
6305
6707
6743
6975
7076
7169
7176
7180
7272
7306
7307
7367
7378
7481
7746
7815
7965
8059
8179
8332
8356
8463
8588
8598
8816
8981
8989
9031
9093
9252
9273
9275
9285
9295
9307
9349
9350
9397
9422
9474
9478
9558
9583
9649
9675
9721
9734
9735
9741
9758
9763
9798
9821
9981
9996
10444
10520
10999
11049
11142
11181
11250
11336
11346
11366
11449
11503
11528
11578
11654
11658
11668
11698
11768
11798
11805
11847
11891
11895
11900
11909
11983
12000
12015
12030
12084
12178
12180
12185
12265
12339
12386
12471
12671
12694
12794
12866
12910
12922
12944
12996
13013
13066
13080
13084
13176
13188
13238
13299
13384
13405
13414
13415
13496
13504
13554
13568
13798
13801
12682
13472
13639
13641
13642
13770
13818
13904
13923
14029
14122
14184
14211
14340
14429
14448
14493
14529
14611
14646
14682
14787
14841
14918
14977
15029
15150
15154
15156
15158
15175
15180
15247
15248
15277
15333
15352
15357
15442
15471
15500
15506
15517
15551
15560
15570
15645
15678
15722
15846
15951
15966
16014
16035
16292
16470
16608
15660
16099
16210
16355
16571
16704
16755
16766
16772
16792
16901
16988
17008
17042
17111
17115
17128
17155
17195
17199
17201
17252
17268
17277
17302
17356
17444
17483
17491
17570
17583
17621
17639
17825
17840
17841
17846
17912
17919
17946
17972
18011
18068
18076
18210
18219
18278
18306
18316
18394
18427
18432
18479
18610
18614
18698
18704
18723
18791
18810
18815
18820
18835
18850
18911
18999
19012
19104
19115
19151
19157
19212
19324
19333
19645
19661
19663
19731
19739
19742
19743
19768
19770
19773
19802
19881
20000
20011
20020
20102
20142
20147
20282
20358
20362
20403
20474
20489
20505
20573
20576
20616
20752
20882
20883
21006
21013
21020
21060
21174
21200
21247
21251
21311
21328
21361
21371
21395
21450
21472
21473
21505
21548
21628
21657
21708
21716
21719
21788
21938
21962
22001
22015
22040
22061
22067
22078
22204
22227
22238
22270
22354
22379
22454
22469
22534
22640
22641
22703
22783
22836
22845
22860
22959
22963
22976
23034
23051
23080
23122
23193
23258
23334
23403
23425
23452
23462
23471
23557
23577
23670
23680
23810
23892
23936
23964
24094
24156
24162
24313
24339
24375
24385
24387
24393
24475
24540
24566
24568
24646
24720
24742
24766
24857
24992
25021
25043
25069
25112
25214
25228
25330
25364
25377
25400
25460
25559
25583
25609
25743
25799
25802
25804
25913
25940
25951
26031
26046
26066
26359
26378
26485
26515
26525
26595
26634
26690
26717
26728
26827
26833
26904
26922
27048
27056
27057
27076
27120
27121
27129
27171
27229
27230
27232
27238
27285
27295
27332
27347
27350
27353
27354
27367
27413
27439
27441
27498
27514
27551
27564
27595
27608
27611
27762
27811
27921
28056
28063
28091
28170
28173
28189
28305
28347
28373
28379
28385
28644
28649
28664
28730
28920
28952
28978
28979
29027
29050
29052
29055
29118
29122
29197
29254
29268
29290
29314
29316
29351
29369
29370
29372
29493
29551
29559
29572
29640
29669
29896
29962
