1127
1364
1367
1456
1705
1756
1780
1783
2046
2062
2063
2124
2218
2219
2399
2400
2551
2587
2666
2739
2968
3018
302
3114
3221
3382
3706
3768
3864
3976
4289
4315
4602
4706
472
473
483
4831
4913
4914
5040
5126
5157
5201
5261
5342
5371
5372
5564
5569
5578
562
5786
5954
6084
609
617
6214
6218
624
6628
665
723
773
10567
10681
10804
10820
11099
11105
11162
11189
5653
6186
6305
6618
6743
6975
7076
7134
7176
7180
7272
7285
7307
7367
7378
7463
7746
7815
7965
7981
8179
8332
8356
8377
8588
8598
8816
8837
8989
9031
9093
9247
9273
9275
9285
9286
9307
9349
9350
9390
9422
9474
9478
9492
9583
9649
9675
9681
9734
9735
9741
9748
9763
9798
9821
9827
9996
10444
10520
10870
11049
11142
11181
11186
11336
11346
11366
11371
11503
11528
11578
11653
11658
11668
11698
11767
11798
11805
11847
11890
11895
11900
11909
11957
12000
12015
12030
12072
12178
12180
12185
12195
12339
12386
12471
12550
12694
12794
12866
12889
12922
12944
12996
12997
13066
13080
13084
13172
13188
13238
13299
13311
13405
13414
13415
13458
13504
13554
13568
13625
13801
12682
13472
13550
13641
13642
13770
13806
13904
13923
14029
14037
14184
14211
14340
14410
14448
14493
14529
14605
14646
14682
14787
14836
14918
14977
15029
15042
15154
15156
15158
15164
15180
15247
15248
15256
15333
15352
15357
15424
15471
15500
15506
15513
15551
15560
15570
15585
15678
15722
15846
15867
15966
16014
16035
16206
16470
16608
15660
15797
16210
16355
16571
16574
16755
16766
16772
16790
16901
16988
17008
17028
17111
17115
17128
17150
17195
17199
17201
17227
17268
17277
17302
17355
17444
17483
17491
17569
17583
17621
17639
17651
17840
17841
17846
17848
17919
17946
17972
17975
18068
18076
18210
18216
18278
18306
18316
18376
18427
18432
18479
18488
18614
18698
18704
18712
18791
18810
18815
18819
18835
18850
18911
18994
19012
19104
19115
19131
19157
19212
19324
19329
19645
19661
19663
19672
19739
19742
19743
19752
19770
19773
19802
19803
20000
20011
20020
20077
20142
20147
20282
20355
20362
20403
20474
20486
20505
20573
20576
20583
20752
20882
20883
21003
21013
21020
21060
21161
21200
21247
21251
21294
21328
21361
21371
21394
21450
21472
21473
21479
21548
21628
21657
21704
21716
21719
21788
21918
21962
22001
22015
22022
22061
22067
22078
22131
22227
22238
22270
22271
22379
22454
22469
22529
22640
22641
22703
22706
22836
22845
22860
22882
22963
22976
23034
23048
23080
23122
23193
23218
23334
23403
23425
23442
23462
23471
23557
23566
23670
23680
23810
23860
23936
23964
24094
24096
24162
24313
24339
24340
24385
24387
24393
24438
24540
24566
24568
24639
24720
24742
24766
24778
24992
25021
25043
25051
25112
25214
25228
25250
25364
25377
25400
25451
25559
25583
25609
25705
25799
25802
25804
25909
25940
25951
26031
26043
26066
26359
26378
26482
26515
26525
26595
26605
26690
26717
26728
26806
26833
26904
26922
26938
27056
27057
27076
27084
27121
27129
27171
27191
27230
27232
27238
27248
27295
27332
27347
27349
27353
27354
27367
27371
27439
27441
27498
27500
27551
27564
27595
27605
27611
27762
27811
27840
28056
28063
28091
28145
28173
28189
28305
28333
28373
28379
28385
28402
28649
28664
28730
28907
28952
28978
28979
28998
29050
29052
29055
29102
29122
29197
29254
29259
29290
29314
29316
29331
29369
29370
29372
29471
29551
29559
29572
29614
29669
29896
29962
30008
