1127
1364
1456
1556
1705
1756
1783
1996
2046
2062
2124
2156
2218
2219
2400
2420
2551
2587
2739
2924
2968
3018
3114
3216
3221
3382
3768
3853
3864
3976
4315
436
4602
4706
473
4781
483
4831
4914
4916
5040
5126
5201
5238
5261
5342
5372
548
5564
5569
562
569
5786
5954
609
614
617
6214
624
6287
6628
665
773
787
10567
10681
10820
11001
11099
11105
11189
11248
5653
6186
6618
6707
6743
6975
7134
7169
7176
7180
7285
7306
7307
7367
7463
7481
7746
7815
7981
8059
8179
8332
8377
8463
8588
8598
8837
8981
8989
9031
9247
9252
9273
9275
9286
9295
9307
9349
9390
9397
9422
9474
9492
9558
9583
9649
9681
9721
9734
9735
9748
9758
9763
9798
9827
9981
9996
10444
10870
10999
11049
11142
11186
11250
11336
11346
11371
11449
11503
11528
11653
11654
11658
11668
11767
11768
11798
11805
11890
11891
11895
11900
11957
11983
12000
12015
12072
12084
12178
12180
12195
12265
12339
12386
12550
12671
12694
12794
12889
12910
12922
12944
12997
13013
13066
13080
13172
13176
13188
13238
13311
13384
13405
13414
13458
13496
13504
13554
13625
13798
13801
12682
13550
13639
13641
13642
13806
13818
13904
13923
14037
14122
14184
14211
14410
14429
14448
14493
14605
14611
14646
14682
14836
14841
14918
14977
15042
15150
15154
15156
15164
15175
15180
15247
15256
15277
15333
15352
15424
15442
15471
15500
15513
15517
15551
15560
15585
15645
15678
15722
15867
15951
15966
16014
16206
16292
16470
16608
15797
16099
16210
16355
16574
16704
16755
16766
16790
16792
16901
16988
17028
17042
17111
17115
17150
17155
17195
17199
17227
17252
17268
17277
17355
17356
17444
17483
17569
17570
17583
17621
17651
17825
17840
17841
17848
17912
17919
17946
17975
18011
18068
18076
18216
18219
18278
18306
18376
18394
18427
18432
18488
18610
18614
18698
18712
18723
18791
18810
18819
18820
18835
18850
18994
18999
19012
19104
19131
19151
19157
19212
19329
19333
19645
19661
19672
19731
19739
19742
19752
19768
19770
19773
19803
19881
20000
20011
20077
20102
20142
20147
20355
20358
20362
20403
20486
20489
20505
20573
20583
20616
20752
20882
21003
21006
21013
21020
21161
21174
21200
21247
21294
21311
21328
21361
21394
21395
21450
21472
21479
21505
21548
21628
21704
21708
21716
21719
21918
21938
21962
22001
22022
22040
22061
22067
22131
22204
22227
22238
22271
22354
22379
22454
22529
22534
22640
22641
22706
22783
22836
22845
22882
22959
22963
22976
23048
23051
23080
23122
23218
23258
23334
23403
23442
23452
23462
23471
23566
23577
23670
23680
23860
23892
23936
23964
24096
24156
24162
24313
24340
24375
24385
24387
24438
24475
24540
24566
24639
24646
24720
24742
24778
24857
24992
25021
25051
25069
25112
25214
25250
25330
25364
25377
25451
25460
25559
25583
25705
25743
25799
25802
25909
25913
25940
25951
26043
26046
26066
26359
26482
26485
26515
26525
26605
26634
26690
26717
26806
26827
26833
26904
26938
27048
27056
27057
27084
27120
27121
27129
27191
27229
27230
27232
27248
27285
27295
27332
27349
27350
27353
27354
27371
27413
27439
27441
27500
27514
27551
27564
27605
27608
27611
27762
27840
27921
28056
28063
28145
28170
28173
28189
28333
28347
28373
28379
28402
28644
28649
28664
28907
28920
28952
28978
28998
29027
29050
29052
29102
29118
29122
29197
29259
29268
29290
29314
29331
29351
29369
29370
29471
29493
29551
29559
29614
29640
29669
29896
30008
