13550.0
2924.0
19663.0
11250.0
19012.0
5569.0
27514.0
25112.0
12922.0
20282.0
15846.0
9734.0
11891.0
5238.0
16355.0
27564.0
2062.0
19768.0
2124.0
5371.0
23670.0
11768.0
9349.0
6084.0
1756.0
22022.0
20505.0
15966.0
4315.0
19333.0
9741.0
2968.0
7272.0
4602.0
17042.0
7481.0
6618.0
18488.0
18723.0
13806.0
12339.0
22227.0
21161.0
23892.0
19212.0
19739.0
18819.0
10999.0
19803.0
11449.0
12180.0
11654.0
9798.0
13472.0
17621.0
12889.0
24992.0
9031.0
22270.0
2046.0
9390.0
21371.0
25043.0
7815.0
25228.0
10520.0
4916.0
19157.0
5578.0
21328.0
23680.0
9275.0
17356.0
17227.0
24646.0
13625.0
20616.0
7076.0
25250.0
20358.0
22641.0
723.0
9252.0
12471.0
7981.0
13172.0
18011.0
9093.0
14037.0
3221.0
22640.0
11658.0
20102.0
24393.0
13639.0
28379.0
20077.0
3706.0
11890.0
11162.0
562.0
9681.0
18698.0
18791.0
7134.0
12671.0
19329.0
4706.0
26485.0
20489.0
25451.0
12185.0
21020.0
11503.0
11983.0
9474.0
7180.0
17919.0
14493.0
17268.0
9397.0
13818.0
11847.0
9821.0
21200.0
12682.0
9763.0
3864.0
19104.0
2156.0
2551.0
10820.0
21247.0
18999.0
5786.0
14836.0
9675.0
22015.0
11099.0
15797.0
11798.0
10804.0
21006.0
9273.0
24096.0
10870.0
24375.0
20882.0
12794.0
11578.0
9295.0
22845.0
5261.0
13801.0
9583.0
1705.0
9422.0
9478.0
12997.0
2587.0
17128.0
24720.0
7285.0
9649.0
13770.0
25069.0
1783.0
13904.0
11805.0
17825.0
548.0
18479.0
5564.0
16571.0
8837.0
9827.0
17111.0
14918.0
24340.0
7378.0
25609.0
13080.0
9307.0
11186.0
9350.0
22354.0
17195.0
10444.0
25051.0
14787.0
9748.0
1364.0
11049.0
20883.0
17115.0
18432.0
13641.0
11895.0
26717.0
1127.0
12072.0
25400.0
3382.0
25559.0
13554.0
26066.0
17201.0
16704.0
16766.0
5040.0
9247.0
18068.0
13923.0
17483.0
13299.0
18704.0
22454.0
9981.0
5372.0
20752.0
18614.0
7307.0
1996.0
2063.0
15570.0
11909.0
19743.0
21251.0
17150.0
22860.0
6287.0
13066.0
3768.0
15551.0
23577.0
28402.0
27191.0
21962.0
27762.0
28333.0
27498.0
29052.0
7169.0
14211.0
15180.0
27238.0
21294.0
17975.0
17155.0
18219.0
18911.0
27595.0
29259.0
23860.0
22976.0
20020.0
20573.0
23442.0
15678.0
28373.0
17946.0
5201.0
614.0
15424.0
15042.0
19131.0
28998.0
8588.0
29551.0
15175.0
24566.0
14605.0
15277.0
25377.0
18810.0
11653.0
21505.0
27285.0
27349.0
28730.0
28063.0
15506.0
27350.0
18712.0
26904.0
23334.0
27121.0
19661.0
21938.0
28189.0
15660.0
27056.0
9721.0
25214.0
25705.0
16608.0
14429.0
17570.0
28091.0
26031.0
15471.0
15722.0
21395.0
29471.0
15500.0
27608.0
23403.0
773.0
19731.0
29197.0
27500.0
11668.0
8179.0
29118.0
27171.0
11189.0
26922.0
13176.0
15867.0
22534.0
16470.0
17569.0
27840.0
26043.0
6628.0
26378.0
8332.0
16014.0
26525.0
16099.0
13405.0
15248.0
28644.0
18820.0
19151.0
12265.0
17355.0
11767.0
24766.0
472.0
5342.0
14611.0
12944.0
21708.0
22040.0
21473.0
4289.0
27076.0
29369.0
28978.0
24568.0
27611.0
14448.0
26515.0
15154.0
12030.0
26046.0
20486.0
302.0
28170.0
22061.0
27551.0
23566.0
20576.0
17302.0
27295.0
25799.0
4914.0
16790.0
29372.0
617.0
19752.0
24094.0
27353.0
29962.0
8816.0
6186.0
23471.0
28920.0
22959.0
16792.0
28664.0
29572.0
5653.0
28979.0
436.0
17028.0
29493.0
27811.0
15156.0
4781.0
24162.0
18994.0
26482.0
27921.0
21918.0
19770.0
29102.0
15158.0
14977.0
17651.0
13188.0
17841.0
27048.0
15560.0
25802.0
26359.0
24540.0
22529.0
17008.0
15357.0
30008.0
29316.0
19773.0
23193.0
18216.0
15442.0
16988.0
27371.0
16210.0
26728.0
27439.0
20403.0
665.0
26595.0
18610.0
28907.0
18835.0
27441.0
21548.0
23080.0
11336.0
27413.0
29268.0
27230.0
27057.0
17840.0
13013.0
11248.0
23557.0
27248.0
22204.0
12386.0
23462.0
21472.0
18394.0
787.0
11001.0
21394.0
29351.0
14340.0
16292.0
8377.0
17583.0
28056.0
21311.0
28145.0
23034.0
26605.0
25330.0
29640.0
12550.0
29290.0
15256.0
22131.0
14646.0
22078.0
16035.0
6214.0
13568.0
24475.0
28305.0
26833.0
609.0
21716.0
26690.0
11105.0
26827.0
13084.0
24313.0
14184.0
2666.0
20000.0
17912.0
19881.0
23452.0
21657.0
19802.0
20147.0
28952.0
