13806.0
19663.0
13801.0
11503.0
12889.0
24857.0
9307.0
13770.0
6975.0
9583.0
7176.0
1756.0
11900.0
7378.0
15797.0
6707.0
13504.0
7306.0
24646.0
3768.0
21161.0
18819.0
21328.0
11909.0
21013.0
18011.0
22640.0
1364.0
13641.0
3706.0
17277.0
11983.0
16755.0
5261.0
18316.0
18488.0
25112.0
17268.0
26485.0
9558.0
7981.0
19012.0
3216.0
25743.0
11366.0
16355.0
11768.0
19329.0
20505.0
23218.0
11162.0
7481.0
17356.0
17444.0
21361.0
9397.0
25069.0
9295.0
483.0
24385.0
25940.0
22379.0
14493.0
24096.0
2924.0
10567.0
9349.0
2124.0
11654.0
13496.0
12185.0
9827.0
18376.0
12996.0
16772.0
19739.0
23051.0
12000.0
13550.0
16704.0
2156.0
18432.0
18704.0
12339.0
9734.0
18210.0
10444.0
12794.0
2968.0
22227.0
25609.0
14037.0
12180.0
13384.0
15966.0
22860.0
27564.0
15846.0
25451.0
13904.0
18306.0
15029.0
17111.0
9763.0
12997.0
9285.0
21704.0
14918.0
21788.0
1456.0
24340.0
21174.0
20102.0
7815.0
9286.0
12072.0
12178.0
19212.0
2587.0
12195.0
17201.0
562.0
25051.0
1996.0
16766.0
7285.0
9031.0
22845.0
7463.0
18999.0
13818.0
6287.0
24992.0
7076.0
13080.0
4706.0
9821.0
23680.0
2219.0
20282.0
9681.0
12015.0
4315.0
25250.0
19333.0
3382.0
12682.0
22454.0
18068.0
6743.0
20882.0
3018.0
25043.0
17621.0
2218.0
18479.0
12671.0
26066.0
21006.0
16206.0
3864.0
12910.0
2551.0
6084.0
1556.0
26717.0
9996.0
8837.0
9741.0
723.0
21247.0
15570.0
27514.0
12471.0
9981.0
13625.0
17150.0
14787.0
2739.0
11805.0
13642.0
17825.0
10681.0
5372.0
17195.0
21251.0
2399.0
13066.0
9798.0
10520.0
11658.0
21003.0
9492.0
7272.0
25559.0
7134.0
13238.0
11847.0
6305.0
17483.0
5786.0
13798.0
1127.0
2046.0
9474.0
28379.0
20583.0
11250.0
1705.0
1367.0
9252.0
3221.0
21371.0
9735.0
11371.0
13923.0
10999.0
9350.0
17252.0
2400.0
20077.0
1780.0
13554.0
5157.0
12084.0
13414.0
11895.0
4831.0
13299.0
20358.0
20883.0
6618.0
4913.0
28644.0
6214.0
17846.0
16470.0
18610.0
22204.0
27762.0
29027.0
25377.0
26605.0
24438.0
4289.0
23258.0
17639.0
17840.0
614.0
28402.0
18216.0
5126.0
15513.0
22271.0
16099.0
19731.0
23566.0
21505.0
16790.0
24387.0
24540.0
15180.0
29351.0
27413.0
11653.0
29254.0
22469.0
21450.0
23425.0
24742.0
28173.0
26378.0
28373.0
15164.0
15722.0
16608.0
15471.0
12386.0
26595.0
29316.0
27595.0
29290.0
29372.0
13405.0
15248.0
29471.0
8989.0
14410.0
29896.0
609.0
11105.0
14211.0
15333.0
27349.0
13084.0
27285.0
13415.0
8816.0
15357.0
19324.0
27121.0
23334.0
25799.0
23936.0
26031.0
23452.0
28907.0
14605.0
23860.0
14448.0
23403.0
11346.0
7169.0
8588.0
9721.0
12550.0
23557.0
13013.0
27076.0
15424.0
22040.0
21473.0
3976.0
26359.0
19661.0
28189.0
18076.0
17946.0
8332.0
24094.0
15517.0
29052.0
6628.0
6218.0
19672.0
25951.0
29640.0
21962.0
27191.0
28385.0
28979.0
18278.0
20486.0
22836.0
18994.0
12694.0
29572.0
17302.0
26728.0
436.0
29614.0
21479.0
21657.0
20573.0
16901.0
21060.0
4914.0
25214.0
28664.0
26690.0
26043.0
16035.0
22131.0
21395.0
21472.0
15678.0
14340.0
27353.0
21708.0
22963.0
11528.0
11767.0
29669.0
27248.0
624.0
14646.0
15256.0
28730.0
29197.0
23193.0
27921.0
14429.0
16792.0
15500.0
17975.0
17912.0
16988.0
19151.0
14682.0
8356.0
18219.0
15352.0
22238.0
29118.0
26482.0
11248.0
27171.0
17651.0
29331.0
19645.0
29962.0
28978.0
17028.0
8179.0
27056.0
14529.0
21548.0
27811.0
23462.0
472.0
27371.0
23034.0
22529.0
23577.0
16210.0
29551.0
26922.0
773.0
8463.0
13311.0
15158.0
21719.0
15277.0
28998.0
19802.0
29369.0
29050.0
15506.0
25460.0
7965.0
29268.0
15867.0
787.0
27238.0
15442.0
26904.0
24156.0
18911.0
4781.0
18850.0
20020.0
13458.0
15247.0
15042.0
28091.0
29259.0
17491.0
26046.0
12944.0
25364.0
25802.0
29102.0
15551.0
25330.0
11668.0
20355.0
27232.0
21918.0
26827.0
12030.0
28649.0
18820.0
22882.0
13568.0
28920.0
26634.0
27229.0
27332.0
24162.0
11336.0
23471.0
18815.0
22534.0
16292.0
19752.0
17569.0
15560.0
27840.0
20147.0
27084.0
14977.0
24766.0
17570.0
22001.0
17155.0
28952.0
27439.0
27230.0
28347.0
18810.0
