17252
21328
614
3706
15846
29640
12000
27595
1367
17840
5342
17569
25021
9741
26485
4913
28379
23964
24094
27605
22271
22001
2968
11909
18911
24339
24385
11900
24568
21704
7746
19731
19742
15154
18614
23566
2063
15585
14037
25799
2551
27349
19770
9247
13625
23218
15029
13311
25559
12996
29314
25364
22354
11658
12944
18723
13172
7367
9273
27551
11503
12265
27332
22860
27921
22882
12386
5578
21716
21472
17195
26046
20147
27191
15442
28664
8989
1456
29055
11336
20000
9422
15164
19104
23051
9285
8463
2124
9275
18704
11798
11768
17972
21200
22040
30008
17848
7307
5201
7463
27120
24540
483
19131
20576
13923
9558
7076
4781
27367
29027
28333
13384
12794
10567
27439
27811
12889
27354
25909
8059
15256
24313
4315
22454
14493
3853
17042
17583
27076
9735
16901
4706
22959
20505
21006
9649
24639
24742
17825
2062
18011
617
26634
1756
16470
21394
3216
7981
13299
11366
26833
16792
13084
20486
24766
20474
14122
2219
9093
16571
23452
11578
13550
26595
3221
20102
773
25609
6186
9478
18850
14836
26066
22963
27057
7180
17651
27498
17128
19012
17621
22061
19212
7378
12185
25460
27353
22640
12015
16704
5040
19739
17912
22845
19672
23860
24720
22836
3768
12030
27347
16574
24857
23080
14448
15471
20573
436
28189
13472
21962
562
19768
25951
19151
9681
21548
17150
19802
26605
17639
9981
25112
11162
11895
25214
14682
11142
14605
19752
14646
26378
14841
13415
472
9748
12180
20020
21918
3018
15180
27371
27611
29372
5238
21003
18819
18076
21060
24375
27514
21788
15424
11890
13013
17008
27762
17975
21505
9675
27129
26690
5157
14184
11181
473
18210
21020
13798
28998
6287
13641
27840
18791
22469
15867
26904
22078
7134
21708
14977
19881
25913
18427
26938
9583
28091
28644
9721
28978
7285
5372
2924
11186
1556
29259
28170
22015
15517
27171
9827
23680
15333
8981
20011
1783
28952
15158
10820
9252
22022
27056
14611
9734
18278
28056
5786
17115
18712
11698
11891
24566
29493
8816
787
17946
17483
18999
9996
13066
25583
11805
12339
11847
25069
28907
18068
17028
7965
2218
12997
16772
10999
27230
29370
23810
22641
2400
28347
15500
28385
19803
18219
29369
2156
13405
20882
22706
11248
16790
11767
17199
17227
15175
17268
23442
5261
15951
21251
22204
11105
22529
9821
16355
18994
9397
12671
11528
9390
9474
18316
4914
8588
23892
25940
9798
20616
1364
16099
21719
17155
548
16035
6743
26031
18394
13639
21311
10870
15277
27441
609
11250
15156
11189
11049
26515
21657
25051
20355
12072
21371
21174
302
19115
12694
26043
27564
29669
7176
4289
14340
27084
18216
27232
10444
17201
27238
12866
15150
14529
13642
9295
13801
13568
29122
14787
26717
26922
18810
23936
11983
25705
18376
15560
6305
29197
15645
27048
13818
24340
25804
13188
13496
11668
18306
9349
22227
21473
24438
11371
10520
17444
19663
21361
2046
19329
13904
15551
19645
22379
14211
13770
17111
27285
1780
21938
23034
15042
20077
17846
18820
29118
19661
12682
29351
8356
12910
23258
569
7815
25330
22131
5569
12195
23557
21013
23670
29559
624
4916
23193
21294
16292
665
6618
23122
24162
29962
27295
9307
17355
29052
29268
24475
23334
29290
17277
28173
26806
26482
24156
19773
12084
21161
17491
5564
12471
27500
2666
6707
9286
29316
29614
21247
19324
14918
11099
10804
17841
22270
13554
11957
9763
