17252
21328
18815
3706
15846
29640
9350
27595
1367
17840
4831
17569
25021
9741
6084
4913
28379
23964
7306
27605
22271
22001
723
11909
18911
24339
26525
11900
24568
21704
2399
19731
19742
15154
11654
23566
2063
15585
13806
25799
2551
27349
3114
9247
13625
23218
15570
13311
25559
12996
29331
25364
22354
11658
18479
18723
13172
7367
25250
27551
11503
12265
27350
22860
27921
22882
24387
5578
21716
21472
8179
26046
20147
27191
15506
28664
8989
1456
24992
11336
20000
9422
1996
19104
23051
9285
28649
2124
9275
18704
25377
11768
17972
21200
29551
30008
17848
7307
12550
7463
27120
24540
8377
19131
20576
13923
26728
7076
4781
27367
22703
28333
13384
12794
15357
27439
27811
12889
12922
25909
8059
15256
8837
4315
22454
14493
11449
17042
17583
27076
22534
16901
4706
22959
11653
21006
9649
24639
21628
17825
2062
18011
20403
26634
1756
16470
16988
3216
7981
13299
21479
26833
16792
13084
6975
24766
20474
14122
4602
9093
16571
23452
6628
13550
26595
3221
25451
773
25609
6186
10681
18850
14836
26066
23048
27057
7180
17651
9492
17128
19012
17621
6214
19212
7378
12185
19157
27353
22640
12015
3864
5040
19739
17912
20282
19672
23860
24720
24646
3768
12030
27347
21395
24857
23080
14448
25400
20573
436
28189
28305
21962
562
19768
23462
19151
9681
21548
19333
19802
26605
17639
27229
25112
11162
11895
20489
14682
11142
14605
22976
14646
26378
14841
17919
472
9748
12180
25743
21918
3018
15180
22783
27611
29372
5238
13504
18819
18076
21060
29896
27514
21788
15424
26359
13013
17008
27762
15352
21505
9675
27129
22238
5157
14184
11181
23403
18210
21020
13798
23471
6287
13641
27840
5126
22469
15867
26904
15660
7134
21708
14977
2587
25913
18427
26938
28373
28091
28644
9721
16206
7285
5372
2924
29254
1556
29259
28170
28730
15517
27171
9827
29471
15333
8981
20011
8332
28952
15158
10820
5371
22022
27056
14611
20142
18278
28056
5786
15966
18712
11698
11891
15513
29493
8816
787
24778
17483
18999
9996
13080
25583
11805
12339
25228
25069
28907
18068
15797
7965
2218
12997
13414
10999
27230
29370
16210
22641
2400
28347
16766
28385
19803
18219
29572
2156
13405
20882
25043
11248
16790
11767
14029
17227
15175
17268
5653
5261
15951
21251
20358
11105
22529
9821
29050
18994
9397
12671
3976
9390
9474
18316
18610
8588
23892
25940
13176
20616
1364
16099
20362
17155
548
16035
28402
26031
18394
13639
14410
10870
15277
27441
23425
11250
15156
11189
18488
26515
21657
25051
28145
12072
21371
21174
13458
19115
12694
26043
27608
29669
7176
4289
22067
27084
18216
27232
2420
17201
27238
12866
13238
14529
13642
9295
7272
13568
29122
14787
9758
26922
18810
23936
24096
25705
18376
15560
1705
29197
15645
27048
9031
24340
25804
13188
3382
11668
18306
9349
5954
21473
24438
11371
23577
17444
19663
21361
29102
19329
13904
15551
27121
22379
14211
13770
15678
27285
1780
21938
1127
15042
20077
17846
19743
29118
19661
12682
17570
8356
12910
23258
24393
7815
25330
22131
15247
12195
23557
21013
28063
29559
624
4916
20883
21294
16292
665
17302
23122
24162
29962
16608
9307
17355
29052
20583
24475
23334
29290
12178
28173
26806
26482
26827
19773
12084
21161
27248
5564
12471
27500
18698
6707
9286
29316
2739
21247
19324
14918
6218
10804
17841
22270
11346
11957
9763
