21328
18815
614
3706
29640
9350
12000
27595
17840
4831
5342
17569
9741
6084
26485
4913
23964
7306
24094
27605
22001
723
2968
11909
24339
26525
24385
11900
21704
2399
7746
19731
15154
11654
18614
23566
15585
13806
14037
25799
27349
3114
19770
9247
23218
15570
15029
13311
12996
29331
29314
25364
11658
18479
12944
18723
7367
25250
9273
27551
12265
27350
27332
22860
22882
24387
12386
5578
21472
8179
17195
26046
27191
15506
15442
28664
1456
24992
29055
11336
9422
1996
15164
19104
9285
28649
8463
2124
18704
25377
11798
11768
21200
29551
22040
30008
7307
12550
5201
7463
24540
8377
483
19131
13923
26728
9558
7076
27367
22703
29027
28333
12794
15357
10567
27439
12889
12922
27354
25909
15256
8837
24313
4315
14493
11449
3853
17042
27076
22534
9735
16901
22959
11653
20505
21006
24639
21628
24742
17825
18011
20403
617
26634
16470
16988
21394
3216
13299
21479
11366
26833
13084
6975
20486
24766
14122
4602
2219
9093
23452
6628
11578
13550
3221
25451
20102
773
6186
10681
9478
18850
26066
23048
22963
27057
17651
9492
27498
17128
17621
6214
22061
19212
12185
19157
25460
27353
12015
3864
16704
5040
17912
20282
22845
19672
24720
24646
22836
3768
27347
21395
16574
24857
14448
25400
15471
20573
28189
28305
13472
21962
19768
23462
25951
19151
21548
19333
17150
19802
17639
27229
9981
25112
11895
20489
25214
14682
14605
22976
19752
14646
14841
17919
13415
472
12180
25743
20020
21918
15180
22783
27371
27611
5238
13504
21003
18819
21060
29896
24375
27514
15424
26359
11890
13013
27762
15352
17975
21505
27129
22238
26690
5157
11181
23403
473
18210
13798
23471
28998
6287
27840
5126
18791
22469
26904
15660
22078
7134
14977
2587
19881
25913
26938
28373
9583
28091
9721
16206
28978
7285
2924
29254
11186
1556
28170
28730
22015
15517
9827
29471
23680
15333
20011
8332
1783
28952
10820
5371
9252
22022
14611
20142
9734
18278
5786
15966
17115
18712
11891
15513
24566
29493
787
24778
17946
17483
9996
13080
13066
25583
12339
25228
11847
25069
18068
15797
17028
7965
12997
13414
16772
10999
29370
16210
23810
22641
28347
16766
15500
28385
18219
29572
29369
2156
20882
25043
22706
11248
11767
14029
17199
17227
17268
5653
23442
5261
21251
20358
22204
11105
9821
29050
16355
18994
12671
3976
11528
9390
18316
18610
4914
8588
25940
13176
9798
20616
16099
20362
21719
17155
16035
28402
6743
26031
13639
14410
21311
10870
27441
23425
609
11250
11189
18488
11049
26515
25051
28145
20355
12072
21174
13458
302
19115
26043
27608
27564
29669
4289
22067
14340
27084
27232
2420
10444
17201
12866
13238
15150
14529
9295
7272
13801
13568
14787
9758
26717
26922
23936
24096
11983
25705
15560
1705
6305
29197
27048
9031
13818
24340
13188
3382
13496
11668
9349
5954
22227
21473
11371
23577
10520
17444
21361
29102
2046
19329
15551
27121
19645
22379
13770
15678
17111
27285
21938
1127
23034
15042
17846
19743
18820
29118
12682
17570
29351
8356
23258
24393
569
7815
22131
15247
5569
12195
21013
28063
23670
29559
4916
20883
23193
21294
665
17302
6618
23122
29962
16608
27295
9307
29052
20583
29268
24475
29290
12178
17277
28173
26482
26827
24156
19773
21161
27248
17491
5564
27500
18698
2666
6707
29316
2739
29614
21247
14918
6218
11099
10804
22270
11346
13554
11957
