17252
21328
18815
614
15846
29640
9350
12000
1367
17840
4831
5342
25021
9741
6084
26485
28379
23964
7306
24094
22271
22001
723
2968
18911
24339
26525
24385
24568
21704
2399
7746
19742
15154
11654
18614
2063
15585
13806
14037
2551
27349
3114
19770
13625
23218
15570
15029
25559
12996
29331
29314
22354
11658
18479
12944
13172
7367
25250
9273
11503
12265
27350
27332
27921
22882
24387
12386
21716
21472
8179
17195
20147
27191
15506
15442
8989
1456
24992
29055
20000
9422
1996
15164
23051
9285
28649
8463
9275
18704
25377
11798
17972
21200
29551
22040
17848
7307
12550
5201
27120
24540
8377
483
20576
13923
26728
9558
4781
27367
22703
29027
13384
12794
15357
10567
27811
12889
12922
27354
8059
15256
8837
24313
22454
14493
11449
3853
17583
27076
22534
9735
4706
22959
11653
20505
9649
24639
21628
24742
2062
18011
20403
617
1756
16470
16988
21394
7981
13299
21479
11366
16792
13084
6975
20486
20474
14122
4602
2219
16571
23452
6628
11578
26595
3221
25451
20102
25609
6186
10681
9478
14836
26066
23048
22963
7180
17651
9492
27498
19012
17621
6214
22061
7378
12185
19157
25460
22640
12015
3864
16704
19739
17912
20282
22845
23860
24720
24646
22836
12030
27347
21395
16574
23080
14448
25400
15471
436
28189
28305
13472
562
19768
23462
25951
9681
21548
19333
17150
26605
17639
27229
9981
11162
11895
20489
25214
11142
14605
22976
19752
26378
14841
17919
13415
9748
12180
25743
20020
3018
15180
22783
27371
29372
5238
13504
21003
18076
21060
29896
24375
21788
15424
26359
11890
17008
27762
15352
17975
9675
27129
22238
26690
14184
11181
23403
473
21020
13798
23471
28998
13641
27840
5126
18791
15867
26904
15660
22078
21708
14977
2587
19881
18427
26938
28373
9583
28644
9721
16206
28978
5372
2924
29254
11186
29259
28170
28730
22015
27171
9827
29471
23680
8981
20011
8332
1783
15158
10820
5371
9252
27056
14611
20142
9734
28056
5786
15966
17115
11698
11891
15513
24566
8816
787
24778
17946
18999
9996
13080
13066
11805
12339
25228
11847
28907
18068
15797
17028
2218
12997
13414
16772
27230
29370
16210
23810
2400
28347
16766
15500
19803
18219
29572
29369
13405
20882
25043
22706
16790
11767
14029
17199
15175
17268
5653
23442
15951
21251
20358
22204
22529
9821
29050
16355
9397
12671
3976
11528
9474
18316
18610
4914
23892
25940
13176
9798
1364
16099
20362
21719
548
16035
28402
6743
18394
13639
14410
21311
15277
27441
23425
609
15156
11189
18488
11049
21657
25051
28145
20355
21371
21174
13458
302
12694
26043
27608
27564
7176
4289
22067
14340
18216
27232
2420
10444
27238
12866
13238
15150
13642
9295
7272
13801
29122
14787
9758
26717
18810
23936
24096
11983
18376
15560
1705
6305
15645
27048
9031
13818
25804
13188
3382
13496
18306
9349
5954
22227
24438
11371
23577
10520
19663
21361
29102
2046
13904
15551
27121
19645
14211
13770
15678
17111
1780
21938
1127
23034
20077
17846
19743
18820
19661
12682
17570
29351
12910
23258
24393
569
25330
22131
15247
5569
23557
21013
28063
23670
624
4916
20883
23193
16292
665
17302
6618
24162
29962
16608
27295
17355
29052
20583
29268
23334
29290
12178
17277
26806
26482
26827
24156
12084
21161
27248
17491
12471
27500
18698
2666
9286
29316
2739
29614
19324
14918
6218
11099
17841
22270
11346
13554
9763
