17252
18815
614
3706
15846
9350
12000
27595
1367
4831
5342
17569
25021
6084
26485
4913
28379
7306
24094
27605
22271
723
2968
11909
18911
26525
24385
11900
24568
2399
7746
19731
19742
11654
18614
23566
2063
13806
14037
25799
2551
3114
19770
9247
13625
15570
15029
13311
25559
29331
29314
25364
22354
18479
12944
18723
13172
25250
9273
27551
11503
27350
27332
22860
27921
24387
12386
5578
21716
8179
17195
26046
20147
15506
15442
28664
8989
24992
29055
11336
20000
1996
15164
19104
23051
28649
8463
2124
9275
25377
11798
11768
17972
29551
22040
30008
17848
12550
5201
7463
27120
8377
483
19131
20576
26728
9558
7076
4781
22703
29027
28333
13384
15357
10567
27439
27811
12922
27354
25909
8059
8837
24313
4315
22454
11449
3853
17042
17583
22534
9735
16901
4706
11653
20505
21006
9649
21628
24742
17825
2062
20403
617
26634
1756
16988
21394
3216
7981
21479
11366
26833
16792
6975
20486
24766
20474
4602
2219
9093
16571
6628
11578
13550
26595
25451
20102
773
25609
10681
9478
18850
14836
23048
22963
27057
7180
9492
27498
17128
19012
6214
22061
19212
7378
19157
25460
27353
22640
3864
16704
5040
19739
20282
22845
19672
23860
24646
22836
3768
12030
21395
16574
24857
23080
25400
15471
20573
436
28305
13472
21962
562
23462
25951
19151
9681
19333
17150
19802
26605
27229
9981
25112
11162
20489
25214
14682
11142
22976
19752
14646
26378
17919
13415
472
9748
25743
20020
21918
3018
22783
27371
27611
29372
13504
21003
18819
18076
29896
24375
27514
21788
26359
11890
13013
17008
15352
17975
21505
9675
22238
26690
5157
14184
23403
473
18210
21020
23471
28998
6287
13641
5126
18791
22469
15867
15660
22078
7134
21708
2587
19881
25913
18427
28373
9583
28091
28644
16206
28978
7285
5372
29254
11186
1556
29259
28730
22015
15517
27171
29471
23680
15333
8981
8332
1783
28952
15158
5371
9252
22022
27056
20142
9734
18278
28056
15966
17115
18712
11698
15513
24566
29493
8816
24778
17946
17483
18999
13080
13066
25583
11805
25228
11847
25069
28907
15797
17028
7965
2218
13414
16772
10999
27230
16210
23810
22641
2400
16766
15500
28385
19803
29572
29369
2156
13405
25043
22706
11248
16790
14029
17199
17227
15175
5653
23442
5261
15951
20358
22204
11105
22529
29050
16355
18994
9397
3976
11528
9390
9474
18610
4914
8588
23892
13176
9798
20616
1364
20362
21719
17155
548
28402
6743
26031
18394
14410
21311
10870
15277
23425
609
11250
15156
18488
11049
26515
21657
28145
20355
12072
21371
13458
302
19115
12694
27608
27564
29669
7176
22067
14340
27084
18216
2420
10444
17201
27238
13238
15150
14529
13642
7272
13801
13568
29122
9758
26717
26922
18810
24096
11983
25705
18376
1705
6305
29197
15645
9031
13818
24340
25804
3382
13496
11668
18306
5954
22227
21473
24438
23577
10520
17444
19663
29102
2046
19329
13904
27121
19645
22379
14211
15678
17111
27285
1780
1127
23034
15042
20077
19743
18820
29118
19661
17570
29351
8356
12910
24393
569
7815
25330
15247
5569
12195
23557
28063
23670
29559
624
20883
23193
21294
16292
17302
6618
23122
24162
16608
27295
9307
17355
20583
29268
24475
23334
12178
17277
28173
26806
26827
24156
19773
12084
27248
17491
5564
12471
18698
2666
6707
9286
2739
29614
21247
19324
6218
11099
10804
17841
11346
13554
11957
9763
