1364
1367
1456
1705
1780
1783
1996
2062
2063
2124
2156
2219
2399
2400
2420
2666
2739
2924
2968
302
3114
3221
3382
3768
3864
3976
4289
436
4602
4706
472
483
4831
4914
4916
5126
5157
5238
5261
5371
5372
548
5564
5578
562
5786
5954
614
617
6218
624
6628
665
723
773
10567
10681
10804
10820
11099
11105
11162
11189
5653
6186
6305
6618
6975
7076
7134
7176
7306
7307
7367
7378
7746
7815
7965
7981
8332
8463
8598
8837
8989
9031
9093
9247
9273
9275
9285
9286
9307
9349
9350
9390
9474
9478
9492
9558
9649
9681
9721
9734
9748
9758
9763
9798
9827
9981
9996
10444
10870
10999
11049
11142
11186
11250
11346
11366
11449
11503
11528
11578
11654
11658
11698
11767
11798
11805
11847
11890
11895
11900
11909
11957
12000
12015
12030
12084
12180
12185
12195
12265
12386
12471
12550
12671
12889
12910
12922
12944
13013
13066
13080
13084
13176
13299
13311
13384
13414
13415
13504
13554
13625
13798
13801
12682
13550
13641
13642
13770
13904
14037
14122
14184
14410
14448
14493
14529
14611
14682
14787
14841
14977
15042
15150
15154
15164
15175
15180
15247
15256
15277
15333
15357
15471
15500
15506
15513
15551
15560
15570
15585
15678
15722
15846
15867
16206
16292
16470
16608
15797
16099
16210
16355
16574
16704
16766
16790
16901
16988
17008
17028
17115
17128
17150
17155
17199
17201
17227
17252
17277
17356
17483
17491
17621
17651
17825
17840
17846
17848
17912
17919
17972
17975
18068
18076
18278
18306
18316
18376
18432
18479
18610
18698
18712
18791
18810
18819
18835
18850
18994
18999
19104
19115
19131
19157
19324
19329
19333
19645
19663
19672
19739
19742
19752
19768
19770
19802
19881
20011
20020
20077
20142
20147
20282
20355
20362
20403
20474
20486
20505
20573
20576
20583
20882
20883
21003
21013
21060
21161
21174
21200
21251
21294
21311
21328
21371
21394
21395
21472
21505
21548
21628
21657
21708
21716
21719
21788
21938
21962
22001
22015
22040
22067
22078
22131
22227
22238
22270
22354
22454
22469
22529
22534
22703
22706
22783
22836
22860
22882
22963
22976
23051
23080
23122
23193
23258
23403
23425
23442
23462
23471
23557
23566
23670
23680
23810
23860
23936
24094
24096
24156
24313
24339
24340
24375
24387
24393
24438
24475
24566
24568
24639
24646
24766
24778
24857
24992
25043
25051
25069
25112
25250
25330
25400
25451
25583
25609
25743
25799
25913
25940
25951
26031
26046
26066
26378
26482
26515
26525
26595
26605
26690
26728
26806
26833
27048
27056
27076
27084
27121
27191
27230
27232
27248
27285
27295
27347
27350
27353
27367
27441
27514
27551
27564
27595
27608
27611
27811
27840
28056
28063
28145
28170
28189
28305
28333
28347
28379
28402
28644
28649
28730
28907
28920
28952
28979
28998
29027
29050
29102
29118
29122
29197
29259
29268
29290
29314
29331
29351
29369
29370
29559
29614
29640
29669
