1364
1456
1556
1705
1780
1996
2046
2062
2063
2156
2218
2219
2399
2420
2551
2666
2739
2968
3018
302
3114
3382
3706
3768
3864
4289
4315
436
4602
472
4781
483
4831
4916
5040
5126
5157
5261
5342
5371
5372
5564
5569
5578
562
5954
609
614
617
624
6287
6628
665
773
787
10567
10681
10820
11001
11099
11105
11189
11248
5653
6186
6618
6707
6975
7076
7176
7180
7306
7307
7378
7463
7746
7815
7981
8059
8332
8463
8837
8981
8989
9031
9247
9252
9273
9275
9286
9295
9307
9349
9390
9422
9474
9478
9558
9583
9649
9681
9734
9735
9748
9758
9798
9821
9827
9981
10444
10520
10870
10999
11142
11181
11186
11250
11366
11371
11449
11503
11578
11653
11654
11658
11767
11768
11798
11805
11890
11891
11895
11900
11957
11983
12000
12015
12084
12178
12180
12185
12265
12339
12386
12471
12671
12794
12889
12910
12944
12996
13013
13066
13084
13172
13176
13299
13384
13405
13414
13415
13554
13568
13625
13798
12682
13472
13550
13641
13770
13818
13904
14037
14184
14211
14410
14448
14529
14605
14611
14682
14841
14918
14977
15042
15154
15156
15164
15175
15247
15248
15256
15277
15357
15442
15471
15500
15513
15517
15551
15560
15585
15645
15678
15722
15867
15951
16206
16292
16608
15660
15797
16099
16355
16571
16574
16704
16790
16792
16901
16988
17028
17111
17115
17128
17155
17195
17199
17201
17252
17268
17277
17356
17491
17570
17621
17651
17840
17841
17846
17848
17919
17946
17972
17975
18076
18219
18278
18306
18376
18427
18432
18479
18698
18704
18712
18791
18819
18820
18835
18850
18999
19012
19104
19115
19157
19212
19324
19329
19645
19661
19663
19672
19742
19743
19752
19768
19802
19803
19881
20011
20077
20102
20142
20147
20355
20358
20362
20403
20486
20489
20505
20573
20583
20616
20882
20883
21013
21020
21060
21161
21200
21247
21251
21294
21328
21361
21371
21394
21472
21473
21505
21548
21657
21704
21708
21716
21788
21918
21938
21962
22015
22022
22040
22067
22131
22204
22227
22238
22354
22379
22454
22469
22534
22641
22703
22706
22836
22845
22860
22882
22976
23034
23051
23080
23193
23218
23258
23403
23442
23452
23462
23471
23566
23577
23670
23680
23860
23892
23936
24094
24156
24162
24313
24339
24375
24385
24387
24393
24475
24540
24566
24568
24646
24720
24766
24778
24992
25021
25043
25051
25112
25228
25250
25330
25451
25559
25583
25609
25799
25804
25913
25940
26031
26043
26046
26066
26482
26485
26515
26525
26605
26634
26690
26728
26833
26938
27048
27056
27084
27120
27121
27191
27232
27238
27248
27285
27347
27349
27350
27353
27441
27498
27514
27551
27595
27605
27608
27611
27840
27921
28056
28063
28170
28173
28189
28305
28347
28373
28379
28402
28649
28664
28730
28907
28952
28978
28979
28998
29050
29055
29102
29118
29197
29254
29259
29268
29314
29316
29331
29351
29370
29471
29559
29614
29669
30008
