1367
1456
1556
1705
1783
1996
2046
2062
2124
2156
2218
2219
2400
2420
2551
2666
2924
2968
3018
302
3221
3382
3706
3768
3976
4289
4315
436
4706
472
4781
483
4914
4916
5040
5126
5238
5261
5342
5371
548
5564
5569
5578
5786
5954
609
614
6218
624
6287
6628
723
773
787
10567
10804
10820
11001
11099
11162
11189
11248
5653
6305
6618
6707
6975
7134
7176
7180
7306
7367
7378
7463
7746
7965
7981
8059
8332
8598
8837
8981
8989
9093
9247
9252
9273
9285
9286
9295
9307
9350
9390
9422
9474
9492
9558
9583
9649
9721
9734
9735
9748
9763
9798
9821
9827
9996
10444
10520
10870
11049
11142
11181
11186
11346
11366
11371
11449
11528
11578
11653
11654
11698
11767
11768
11798
11847
11890
11891
11895
11909
11957
11983
12000
12030
12084
12178
12180
12195
12265
12339
12386
12550
12671
12794
12889
12922
12944
12996
13013
13080
13084
13172
13176
13311
13384
13405
13414
13504
13554
13568
13625
13801
12682
13472
13550
13642
13770
13818
13904
14122
14184
14211
14410
14493
14529
14605
14611
14787
14841
14918
14977
15150
15154
15156
15164
15180
15247
15248
15256
15333
15357
15442
15471
15506
15513
15517
15551
15570
15585
15645
15678
15846
15867
15951
16206
16470
16608
15660
15797
16210
16355
16571
16574
16766
16790
16792
16901
17008
17028
17111
17115
17150
17155
17195
17199
17227
17252
17268
17277
17483
17491
17570
17621
17825
17840
17841
17846
17912
17919
17946
17972
18068
18076
18219
18278
18316
18376
18427
18432
18610
18698
18704
18712
18810
18819
18820
18835
18994
18999
19012
19104
19131
19157
19212
19324
19333
19645
19661
19663
19739
19742
19743
19752
19770
19802
19803
19881
20020
20077
20102
20142
20282
20355
20358
20362
20474
20486
20489
20505
20576
20583
20616
20882
21003
21013
21020
21060
21174
21200
21247
21251
21311
21328
21361
21371
21395
21472
21473
21505
21628
21657
21704
21708
21719
21788
21918
21938
22001
22015
22022
22040
22078
22131
22204
22227
22270
22354
22379
22454
22529
22534
22641
22703
22783
22836
22845
22860
22963
22976
23034
23051
23122
23193
23218
23258
23425
23442
23452
23462
23557
23566
23577
23670
23810
23860
23892
23936
24096
24156
24162
24313
24340
24375
24385
24387
24438
24475
24540
24566
24639
24646
24720
24766
24857
24992
25021
25043
25069
25112
25228
25250
25400
25451
25559
25583
25743
25799
25804
25913
25951
26031
26043
26046
26378
26482
26485
26515
26595
26605
26634
26690
26806
26833
26938
27048
27076
27084
27120
27121
27230
27232
27238
27248
27295
27347
27349
27350
27367
27441
27498
27514
27564
27595
27605
27608
27811
27840
27921
28056
28145
28170
28173
28189
28333
28347
28373
28379
28644
28649
28664
28730
28920
28952
28978
28979
29027
29050
29055
29102
29122
29197
29254
29259
29290
29314
29316
29331
29369
29370
29471
29559
29640
29669
30008
