1364
1367
1456
1556
1780
1783
1996
2046
2063
2124
2156
2218
2399
2400
2420
2551
2739
2924
2968
3018
3114
3221
3382
3706
3864
3976
4289
4315
4602
4706
472
4781
4831
4914
4916
5040
5157
5238
5261
5342
5372
548
5564
5569
562
5786
5954
609
617
6218
624
6287
665
723
773
787
10681
10804
10820
11001
11105
11162
11189
11248
6186
6305
6618
6707
7076
7134
7176
7180
7307
7367
7378
7463
7815
7965
7981
8059
8463
8598
8837
8981
9031
9093
9247
9252
9275
9285
9286
9295
9349
9350
9390
9422
9478
9492
9558
9583
9681
9721
9734
9735
9758
9763
9798
9821
9981
9996
10444
10520
10999
11049
11142
11181
11250
11346
11366
11371
11503
11528
11578
11653
11658
11698
11767
11768
11805
11847
11890
11891
11900
11909
11957
11983
12015
12030
12084
12178
12185
12195
12265
12339
12471
12550
12671
12794
12910
12922
12944
12996
13066
13080
13084
13172
13299
13311
13384
13405
13415
13504
13554
13568
13798
13801
12682
13472
13641
13642
13770
13818
14037
14122
14184
14211
14448
14493
14529
14605
14682
14787
14841
14918
15042
15150
15154
15156
15175
15180
15247
15248
15277
15333
15357
15442
15500
15506
15513
15517
15560
15570
15585
15645
15722
15846
15867
15951
16292
16470
16608
15660
16099
16210
16355
16571
16704
16766
16790
16792
16988
17008
17028
17111
17128
17150
17155
17195
17201
17227
17252
17268
17356
17483
17491
17570
17651
17825
17840
17841
17848
17912
17919
17946
17975
18068
18076
18219
18306
18316
18376
18427
18479
18610
18698
18704
18791
18810
18819
18820
18850
18994
18999
19012
19115
19131
19157
19212
19329
19333
19645
19661
19672
19739
19742
19743
19768
19770
19802
19803
20011
20020
20077
20102
20147
20282
20355
20358
20403
20474
20486
20489
20573
20576
20583
20616
20883
21003
21013
21020
21161
21174
21200
21247
21294
21311
21328
21361
21394
21395
21472
21473
21548
21628
21657
21704
21716
21719
21788
21918
21962
22001
22015
22022
22067
22078
22131
22204
22238
22270
22354
22379
22469
22529
22534
22641
22706
22783
22836
22845
22882
22963
22976
23034
23080
23122
23193
23218
23403
23425
23442
23452
23471
23557
23566
23577
23680
23810
23860
23892
24094
24096
24156
24162
24339
24340
24375
24385
24393
24438
24475
24540
24568
24639
24646
24720
24778
24857
24992
25021
25051
25069
25112
25228
25330
25400
25451
25559
25609
25743
25799
25804
25940
25951
26031
26043
26066
26378
26482
26485
26525
26595
26605
26634
26728
26806
26833
26938
27056
27076
27084
27120
27191
27230
27232
27238
27285
27295
27347
27349
27353
27367
27441
27498
27551
27564
27595
27605
27611
27811
27840
27921
28063
28145
28170
28173
28305
28333
28347
28373
28402
28644
28649
28664
28907
28920
28952
28978
28998
29027
29050
29055
29118
29122
29197
29254
29268
29290
29314
29316
29351
29369
29370
29471
29614
29640
29669
30008
