0 0.00456 0.00347 0.00329 0.00351 0.00262 0.00197 0.04274 0.00230 0.00175 0.05617 0.00136 0.00133 0.06814 0.00118 0.00103 0.00096 0.00097 0.00101 0.00101 0.00103 0.04177 0.00096 0.05645 0.00094 0.07233 0.01472 0.00138 0.00124 0.00725 0.12682 0.05418 0.02026 0.00140 0.00134 0.00702 0.00138 0.00153 0.00163 0.00154 0.06569 0.08299 0.00124 0.00117 0.15205 0.07065 0.00634 0.00127 0.00120 0.00134 0.00154
1 0.04956 0.04369 0.04226 0.04349 0.04463 0.04569 0.15119 0.04755 0.04838 0.13256 0.03975 0.03774 0.14519 0.04131 0.04282 0.04417 0.00000 0.00000 0.00000 0.00000 0.00000 0.00000 0.00000 0.00000 0.00000 0.00000 0.00000 0.00000 0.00000 0.00000 0.00000 0.00000 0.00000 0.00000 0.00000 0.00000 0.00000 0.00000 0.00000 0.00000 0.00000 0.00000 0.00000 0.00000 0.00000 0.00000 0.00000 0.00000 0.00000 0.00000
2 0.01322 0.01108 0.01034 0.01075 0.00757 0.00696 0.07113 0.00794 0.00840 0.05755 0.00758 0.00638 0.03767 0.00659 0.00777 0.00743 0.00788 0.00800 0.00842 0.00882 0.02886 0.00937 0.04201 0.01006 0.05702 0.01943 0.01097 0.01125 0.03419 0.04234 0.03869 0.02906 0.01249 0.01270 0.02303 0.01309 0.01326 0.01343 0.01856 0.04275 0.05089 0.01397 0.01407 0.03429 0.04527 0.01857 0.01442 0.01448 0.00000 0.00000
3 0.03744 0.02891 0.02187 0.02307 0.03003 0.01851 0.04535 0.01422 0.01236 0.02047 0.00855 0.00876 0.01458 0.00879 0.00727 0.00715 0.00833 0.00765 0.00934 0.00893 0.02849 0.00886 0.05369 0.00841 0.04231 0.02513 0.00796 0.00914 0.01443 0.03503 0.05424 0.02187 0.00832 0.00843 0.02964 0.00948 0.01251 0.00731 0.00691 0.02420 0.09851 0.00695 0.00763 0.04397 0.02741 0.02302 0.00841 0.00933 0.00809 0.00874
4 0.07366 0.04892 0.04014 0.03246 0.07510 0.03798 0.08592 0.03280 0.03545 0.06855 0.03884 0.04116 0.08356 0.04538 0.04730 0.05531 0.05086 0.05252 0.05410 0.00000 0.00000 0.00000 0.00000 0.00000 0.00000 0.00000 0.00000 0.00000 0.00000 0.00000 0.00000 0.00000 0.00000 0.00000 0.00000 0.00000 0.00000 0.00000 0.00000 0.00000 0.00000 0.00000 0.00000 0.00000 0.00000 0.00000 0.00000 0.00000 0.00000 0.00000
5 0.05281 0.04972 0.05189 0.05392 0.05579 0.05752 0.21798 0.06062 0.06200 0.20772 0.06447 0.06557 0.00000 0.00000 0.00000 0.00000 0.00000 0.00000 0.00000 0.00000 0.00000 0.00000 0.00000 0.00000 0.00000 0.00000 0.00000 0.00000 0.00000 0.00000 0.00000 0.00000 0.00000 0.00000 0.00000 0.00000 0.00000 0.00000 0.00000 0.00000 0.00000 0.00000 0.00000 0.00000 0.00000 0.00000 0.00000 0.00000 0.00000 0.00000
6 0.10828 0.08105 0.08989 0.07855 0.08401 0.09825 0.15652 0.08308 0.08462 0.13575 0.00000 0.00000 0.00000 0.00000 0.00000 0.00000 0.00000 0.00000 0.00000 0.00000 0.00000 0.00000 0.00000 0.00000 0.00000 0.00000 0.00000 0.00000 0.00000 0.00000 0.00000 0.00000 0.00000 0.00000 0.00000 0.00000 0.00000 0.00000 0.00000 0.00000 0.00000 0.00000 0.00000 0.00000 0.00000 0.00000 0.00000 0.00000 0.00000 0.00000
7 0.08448 0.04759 0.09217 0.03969 0.04058 0.05313 0.03598 0.03665 0.03962 0.04474 0.04158 0.11241 0.04428 0.05316 0.10064 0.13330 0.00000 0.00000 0.00000 0.00000 0.00000 0.00000 0.00000 0.00000 0.00000 0.00000 0.00000 0.00000 0.00000 0.00000 0.00000 0.00000 0.00000 0.00000 0.00000 0.00000 0.00000 0.00000 0.00000 0.00000 0.00000 0.00000 0.00000 0.00000 0.00000 0.00000 0.00000 0.00000 0.00000 0.00000
8 0.05954 0.04789 0.03537 0.02734 0.05561 0.02342 0.07980 0.02038 0.02299 0.03889 0.02757 0.02418 0.04750 0.02921 0.03157 0.03262 0.03485 0.03696 0.04195 0.03900 0.07560 0.04284 0.12494 0.00000 0.00000 0.00000 0.00000 0.00000 0.00000 0.00000 0.00000 0.00000 0.00000 0.00000 0.00000 0.00000 0.00000 0.00000 0.00000 0.00000 0.00000 0.00000 0.00000 0.00000 0.00000 0.00000 0.00000 0.00000 0.00000 0.00000
9 0.04223 0.04606 0.03144 0.03160 0.02893 0.02769 0.17835 0.02687 0.02491 0.14159 0.02575 0.02769 0.19687 0.03164 0.03284 0.03372 0.03521 0.03663 0.00000 0.00000 0.00000 0.00000 0.00000 0.00000 0.00000 0.00000 0.00000 0.00000 0.00000 0.00000 0.00000 0.00000 0.00000 0.00000 0.00000 0.00000 0.00000 0.00000 0.00000 0.00000 0.00000 0.00000 0.00000 0.00000 0.00000 0.00000 0.00000 0.00000 0.00000 0.00000
10 0.04418 0.03697 0.03150 0.02587 0.03998 0.02843 0.10752 0.03214 0.03380 0.07043 0.03618 0.03688 0.05872 0.03755 0.03896 0.04027 0.04150 0.04266 0.04375 0.04478 0.08128 0.04667 0.00000 0.00000 0.00000 0.00000 0.00000 0.00000 0.00000 0.00000 0.00000 0.00000 0.00000 0.00000 0.00000 0.00000 0.00000 0.00000 0.00000 0.00000 0.00000 0.00000 0.00000 0.00000 0.00000 0.00000 0.00000 0.00000 0.00000 0.00000
11 0.07048 0.04614 0.10414 0.03813 0.02510 0.02627 0.01796 0.01788 0.03137 0.01280 0.01147 0.11483 0.01140 0.02650 0.07430 0.29467 0.01393 0.01565 0.02794 0.01904 0.00000 0.00000 0.00000 0.00000 0.00000 0.00000 0.00000 0.00000 0.00000 0.00000 0.00000 0.00000 0.00000 0.00000 0.00000 0.00000 0.00000 0.00000 0.00000 0.00000 0.00000 0.00000 0.00000 0.00000 0.00000 0.00000 0.00000 0.00000 0.00000 0.00000
12 0.14053 0.09289 0.16961 0.07269 0.07441 0.11727 0.08655 0.07874 0.08546 0.08186 0.00000 0.00000 0.00000 0.00000 0.00000 0.00000 0.00000 0.00000 0.00000 0.00000 0.00000 0.00000 0.00000 0.00000 0.00000 0.00000 0.00000 0.00000 0.00000 0.00000 0.00000 0.00000 0.00000 0.00000 0.00000 0.00000 0.00000 0.00000 0.00000 0.00000 0.00000 0.00000 0.00000 0.00000 0.00000 0.00000 0.00000 0.00000 0.00000 0.00000
13 0.09237 0.06045 0.06472 0.04786 0.05262 0.06429 0.08805 0.04231 0.04367 0.07091 0.04767 0.05411 0.05156 0.05245 0.05573 0.05504 0.05618 0.00000 0.00000 0.00000 0.00000 0.00000 0.00000 0.00000 0.00000 0.00000 0.00000 0.00000 0.00000 0.00000 0.00000 0.00000 0.00000 0.00000 0.00000 0.00000 0.00000 0.00000 0.00000 0.00000 0.00000 0.00000 0.00000 0.00000 0.00000 0.00000 0.00000 0.00000 0.00000 0.00000
14 0.04868 0.02838 0.01772 0.01166 0.01268 0.01314 0.02719 0.00806 0.00903 0.01093 0.00689 0.00782 0.00733 0.00563 0.00461 0.00521 0.00520 0.00500 0.02193 0.00502 0.01767 0.00618 0.04954 0.00789 0.02267 0.03038 0.00891 0.00750 0.00838 0.03495 0.02334 0.01468 0.01079 0.00761 0.12365 0.00914 0.01841 0.01086 0.01391 0.01742 0.10083 0.00990 0.01083 0.01370 0.02890 0.02651 0.02896 0.01479 0.03285 0.02675
15 0.05716 0.05737 0.03782 0.02886 0.03416 0.02153 0.13215 0.01819 0.01822 0.09657 0.01657 0.02157 0.04535 0.01726 0.01740 0.02024 0.01533 0.01465 0.01451 0.01296 0.07470 0.01581 0.19211 0.01949 0.00000 0.00000 0.00000 0.00000 0.00000 0.00000 0.00000 0.00000 0.00000 0.00000 0.00000 0.00000 0.00000 0.00000 0.00000 0.00000 0.00000 0.00000 0.00000 0.00000 0.00000 0.00000 0.00000 0.00000 0.00000 0.00000
16 0.04896 0.02480 0.03629 0.02513 0.02533 0.04186 0.04321 0.02596 0.02615 0.03671 0.02650 0.04076 0.02680 0.02693 0.03248 0.03123 0.02633 0.02657 0.03983 0.02648 0.02735 0.02689 0.04645 0.02718 0.04707 0.02740 0.02748 0.04790 0.04616 0.03778 0.00000 0.00000 0.00000 0.00000 0.00000 0.00000 0.00000 0.00000 0.00000 0.00000 0.00000 0.00000 0.00000 0.00000 0.00000 0.00000 0.00000 0.00000 0.00000 0.00000
17 0.05325 0.02285 0.03798 0.01460 0.01030 0.03314 0.02369 0.00809 0.00823 0.02908 0.00805 0.02770 0.00744 0.00660 0.01267 0.01597 0.00678 0.00628 0.01535 0.00671 0.01058 0.00642 0.03473 0.00709 0.02801 0.00733 0.00661 0.03249 0.03176 0.02240 0.04232 0.01073 0.00741 0.00847 0.03073 0.01055 0.04227 0.02341 0.03171 0.01871 0.03441 0.01483 0.01574 0.02040 0.02237 0.01823 0.03009 0.01973 0.02557 0.03015
18 0.02791 0.02470 0.02019 0.01657 0.01398 0.01304 0.16964 0.01405 0.01571 0.11727 0.01394 0.01559 0.26442 0.01880 0.02017 0.02157 0.02291 0.02419 0.02541 0.02659 0.11336 0.00000 0.00000 0.00000 0.00000 0.00000 0.00000 0.00000 0.00000 0.00000 0.00000 0.00000 0.00000 0.00000 0.00000 0.00000 0.00000 0.00000 0.00000 0.00000 0.00000 0.00000 0.00000 0.00000 0.00000 0.00000 0.00000 0.00000 0.00000 0.00000
19 0.07679 0.07706 0.07752 0.07809 0.08122 0.07937 0.20722 0.08066 0.06368 0.17839 0.00000 0.00000 0.00000 0.00000 0.00000 0.00000 0.00000 0.00000 0.00000 0.00000 0.00000 0.00000 0.00000 0.00000 0.00000 0.00000 0.00000 0.00000 0.00000 0.00000 0.00000 0.00000 0.00000 0.00000 0.00000 0.00000 0.00000 0.00000 0.00000 0.00000 0.00000 0.00000 0.00000 0.00000 0.00000 0.00000 0.00000 0.00000 0.00000 0.00000
20 0.09462 0.05100 0.05004 0.03675 0.04460 0.05981 0.12242 0.04172 0.04451 0.08942 0.04955 0.06922 0.06510 0.05604 0.05798 0.06723 0.00000 0.00000 0.00000 0.00000 0.00000 0.00000 0.00000 0.00000 0.00000 0.00000 0.00000 0.00000 0.00000 0.00000 0.00000 0.00000 0.00000 0.00000 0.00000 0.00000 0.00000 0.00000 0.00000 0.00000 0.00000 0.00000 0.00000 0.00000 0.00000 0.00000 0.00000 0.00000 0.00000 0.00000
21 0.12121 0.06140 0.10385 0.06222 0.06273 0.11137 0.09536 0.05903 0.06019 0.09425 0.06212 0.10627 0.00000 0.00000 0.00000 0.00000 0.00000 0.00000 0.00000 0.00000 0.00000 0.00000 0.00000 0.00000 0.00000 0.00000 0.00000 0.00000 0.00000 0.00000 0.00000 0.00000 0.00000 0.00000 0.00000 0.00000 0.00000 0.00000 0.00000 0.00000 0.00000 0.00000 0.00000 0.00000 0.00000 0.00000 0.00000 0.00000 0.00000 0.00000
22 0.09198 0.07117 0.06202 0.04957 0.05839 0.06278 0.11156 0.05402 0.05629 0.10290 0.06028 0.07323 0.08065 0.06516 0.00000 0.00000 0.00000 0.00000 0.00000 0.00000 0.00000 0.00000 0.00000 0.00000 0.00000 0.00000 0.00000 0.00000 0.00000 0.00000 0.00000 0.00000 0.00000 0.00000 0.00000 0.00000 0.00000 0.00000 0.00000 0.00000 0.00000 0.00000 0.00000 0.00000 0.00000 0.00000 0.00000 0.00000 0.00000 0.00000
23 0.01856 0.02585 0.01428 0.00704 0.01695 0.00563 0.01713 0.00661 0.00794 0.00940 0.00861 0.00922 0.01445 0.01094 0.00695 0.00666 0.00621 0.00657 0.01140 0.00792 0.02297 0.00915 0.03823 0.01025 0.02859 0.05847 0.01817 0.01217 0.01261 0.02845 0.02283 0.01515 0.02868 0.01272 0.07998 0.01364 0.01406 0.01446 0.01485 0.01583 0.08132 0.01593 0.02182 0.02655 0.03882 0.02727 0.02241 0.01769 0.03062 0.02799
24 0.05204 0.03029 0.04356 0.03070 0.02592 0.04453 0.03977 0.01978 0.02105 0.03572 0.01652 0.03146 0.01254 0.01084 0.01652 0.01625 0.01053 0.01092 0.02534 0.01106 0.01527 0.01120 0.04137 0.01265 0.03807 0.01687 0.01526 0.03529 0.03949 0.02693 0.04629 0.02209 0.01855 0.01837 0.04618 0.01637 0.05255 0.02188 0.00000 0.00000 0.00000 0.00000 0.00000 0.00000 0.00000 0.00000 0.00000 0.00000 0.00000 0.00000
25 0.05437 0.02795 0.03812 0.02722 0.02720 0.04676 0.05843 0.03002 0.03080 0.04634 0.03218 0.04390 0.03334 0.03386 0.03737 0.03476 0.03515 0.03551 0.05017 0.03614 0.04013 0.03358 0.06798 0.03483 0.06388 0.00000 0.00000 0.00000 0.00000 0.00000 0.00000 0.00000 0.00000 0.00000 0.00000 0.00000 0.00000 0.00000 0.00000 0.00000 0.00000 0.00000 0.00000 0.00000 0.00000 0.00000 0.00000 0.00000 0.00000 0.00000
26 0.04463 0.09650 0.02722 0.02506 0.02113 0.01636 0.21085 0.04302 0.03829 0.11033 0.02389 0.02597 0.15027 0.02984 0.03165 0.03337 0.03502 0.03661 0.00000 0.00000 0.00000 0.00000 0.00000 0.00000 0.00000 0.00000 0.00000 0.00000 0.00000 0.00000 0.00000 0.00000 0.00000 0.00000 0.00000 0.00000 0.00000 0.00000 0.00000 0.00000 0.00000 0.00000 0.00000 0.00000 0.00000 0.00000 0.00000 0.00000 0.00000 0.00000
27 0.09638 0.07425 0.07740 0.07376 0.08062 0.08663 0.14980 0.07823 0.07917 0.12294 0.08082 0.00000 0.00000 0.00000 0.00000 0.00000 0.00000 0.00000 0.00000 0.00000 0.00000 0.00000 0.00000 0.00000 0.00000 0.00000 0.00000 0.00000 0.00000 0.00000 0.00000 0.00000 0.00000 0.00000 0.00000 0.00000 0.00000 0.00000 0.00000 0.00000 0.00000 0.00000 0.00000 0.00000 0.00000 0.00000 0.00000 0.00000 0.00000 0.00000
28 0.01086 0.00693 0.00552 0.00566 0.00613 0.00634 0.07248 0.00470 0.00499 0.06984 0.00555 0.00510 0.06773 0.00325 0.00347 0.00392 0.00436 0.00479 0.00433 0.00370 0.04808 0.00393 0.05303 0.00479 0.07101 0.01701 0.00483 0.00526 0.02632 0.05674 0.04565 0.02718 0.00701 0.00732 0.01650 0.00723 0.00757 0.00789 0.00819 0.04998 0.05255 0.00740 0.00671 0.05964 0.06246 0.01322 0.00543 0.00537 0.00582 0.00625
29 0.02845 0.02352 0.02572 0.01536 0.02483 0.01133 0.03199 0.00973 0.00830 0.01201 0.00765 0.00913 0.01786 0.00787 0.00719 0.00693 0.00801 0.00907 0.01087 0.00707 0.02056 0.00680 0.05000 0.00551 0.03641 0.03302 0.00460 0.00506 0.00676 0.02148 0.07982 0.01619 0.00628 0.00611 0.03843 0.00805 0.00998 0.01001 0.01098 0.02510 0.11547 0.01151 0.01079 0.04551 0.03806 0.02904 0.01781 0.01450 0.01696 0.01628
30 0.04832 0.02200 0.03301 0.02452 0.02607 0.03847 0.05649 0.02739 0.02834 0.04582 0.03004 0.03827 0.03220 0.03218 0.03501 0.03379 0.03392 0.03442 0.04555 0.03530 0.04439 0.03605 0.06980 0.03667 0.06589 0.04608 0.00000 0.00000 0.00000 0.00000 0.00000 0.00000 0.00000 0.00000 0.00000 0.00000 0.00000 0.00000 0.00000 0.00000 0.00000 0.00000 0.00000 0.00000 0.00000 0.00000 0.00000 0.00000 0.00000 0.00000
31 0.00630 0.00430 0.00355 0.00381 0.00304 0.00261 0.04654 0.00256 0.00186 0.07866 0.00136 0.00145 0.11960 0.00140 0.00162 0.00185 0.00208 0.00180 0.00204 0.00234 0.03700 0.00144 0.05781 0.00145 0.10566 0.02138 0.00111 0.00111 0.00816 0.13244 0.05284 0.02637 0.00202 0.00220 0.00750 0.00263 0.00283 0.00303 0.00322 0.03489 0.03719 0.00377 0.00393 0.08431 0.05501 0.00811 0.00297 0.00382 0.00341 0.00360
32 0.04633 0.03889 0.02953 0.03172 0.03387 0.03587 0.22124 0.03944 0.04104 0.25165 0.04394 0.05425 0.13225 0.00000 0.00000 0.00000 0.00000 0.00000 0.00000 0.00000 0.00000 0.00000 0.00000 0.00000 0.00000 0.00000 0.00000 0.00000 0.00000 0.00000 0.00000 0.00000 0.00000 0.00000 0.00000 0.00000 0.00000 0.00000 0.00000 0.00000 0.00000 0.00000 0.00000 0.00000 0.00000 0.00000 0.00000 0.00000 0.00000 0.00000
33 0.01790 0.01598 0.01238 0.00864 0.01181 0.00575 0.06025 0.00536 0.00520 0.02512 0.00540 0.00586 0.01342 0.00499 0.00480 0.00471 0.00427 0.00456 0.00424 0.00383 0.02603 0.00433 0.09439 0.00496 0.06315 0.01858 0.00480 0.00558 0.00676 0.05442 0.07343 0.04697 0.00395 0.00604 0.01533 0.00419 0.00385 0.00380 0.00396 0.03219 0.16360 0.00418 0.00445 0.04814 0.02687 0.02886 0.00628 0.00646 0.00515 0.00483
34 0.04065 0.03586 0.04321 0.03005 0.03336 0.03121 0.04664 0.01710 0.01787 0.03080 0.01471 0.01990 0.02857 0.01635 0.01457 0.01393 0.01354 0.01322 0.01597 0.01485 0.03259 0.01712 0.06233 0.01948 0.06317 0.04446 0.01873 0.01995 0.03133 0.04795 0.06272 0.03683 0.02504 0.02591 0.00000 0.00000 0.00000 0.00000 0.00000 0.00000 0.00000 0.00000 0.00000 0.00000 0.00000 0.00000 0.00000 0.00000 0.00000 0.00000
35 0.03328 0.02868 0.02801 0.02148 0.04479 0.01731 0.06939 0.01681 0.01509 0.03234 0.01445 0.01411 0.03824 0.01529 0.01692 0.01849 0.01999 0.02143 0.02199 0.02294 0.05680 0.02554 0.09476 0.02396 0.08289 0.06842 0.02471 0.02338 0.02703 0.06148 0.00000 0.00000 0.00000 0.00000 0.00000 0.00000 0.00000 0.00000 0.00000 0.00000 0.00000 0.00000 0.00000 0.00000 0.00000 0.00000 0.00000 0.00000 0.00000 0.00000
36 0.00522 0.00480 0.00330 0.00307 0.00261 0.00237 0.02807 0.00292 0.00153 0.02864 0.00108 0.00120 0.04199 0.00102 0.00097 0.00089 0.00084 0.00082 0.00094 0.00106 0.04589 0.00099 0.03684 0.00121 0.03999 0.03117 0.00145 0.00121 0.00306 0.14538 0.05508 0.01917 0.00116 0.00167 0.02829 0.00168 0.00158 0.00168 0.00142 0.07129 0.18089 0.00121 0.00118 0.09559 0.08270 0.00817 0.00221 0.00149 0.00149 0.00151
37 0.00364 0.00298 0.00228 0.00213 0.00168 0.00143 0.03993 0.00265 0.00120 0.03107 0.00107 0.00097 0.04856 0.00106 0.00100 0.00106 0.00107 0.00097 0.00097 0.00103 0.04213 0.00087 0.04549 0.00092 0.06972 0.02621 0.00108 0.00098 0.00301 0.09381 0.03936 0.02861 0.00091 0.00155 0.01031 0.00086 0.00095 0.00086 0.00090 0.08237 0.17721 0.00084 0.00092 0.11084 0.09851 0.00960 0.00107 0.00118 0.00111 0.00107
38 0.03715 0.02838 0.02991 0.02680 0.04359 0.02460 0.06035 0.02515 0.02082 0.03654 0.01970 0.02165 0.03835 0.01443 0.01462 0.01929 0.01804 0.01897 0.02000 0.01962 0.04963 0.02270 0.08027 0.02546 0.07166 0.05447 0.02912 0.03024 0.03711 0.06137 0.00000 0.00000 0.00000 0.00000 0.00000 0.00000 0.00000 0.00000 0.00000 0.00000 0.00000 0.00000 0.00000 0.00000 0.00000 0.00000 0.00000 0.00000 0.00000 0.00000
39 0.01387 0.01164 0.00898 0.00876 0.01047 0.00839 0.06865 0.00727 0.00662 0.03997 0.00551 0.00595 0.01589 0.00648 0.00608 0.00550 0.00582 0.00645 0.00605 0.00582 0.03261 0.00601 0.09686 0.00664 0.07372 0.02001 0.00606 0.00517 0.00634 0.09313 0.03504 0.06261 0.00499 0.00718 0.01144 0.00625 0.00649 0.00627 0.00601 0.03084 0.08776 0.00544 0.00559 0.04354 0.02550 0.02887 0.00757 0.00606 0.00575 0.00606
40 0.02635 0.02480 0.02269 0.02093 0.03595 0.01990 0.02397 0.01268 0.01159 0.01721 0.00961 0.00862 0.02398 0.01373 0.01134 0.01223 0.01097 0.00984 0.01643 0.01052 0.02382 0.01230 0.04146 0.01294 0.02928 0.03978 0.02029 0.01384 0.01713 0.01896 0.05021 0.01680 0.02732 0.01806 0.06604 0.01921 0.03228 0.02028 0.02079 0.02405 0.08994 0.02063 0.02125 0.00000 0.00000 0.00000 0.00000 0.00000 0.00000 0.00000
41 0.03464 0.02321 0.02083 0.02153 0.04217 0.02595 0.06535 0.02688 0.02816 0.04503 0.02998 0.03108 0.04859 0.03311 0.03404 0.03493 0.03578 0.03659 0.03804 0.03807 0.06109 0.03879 0.08613 0.04009 0.07994 0.00000 0.00000 0.00000 0.00000 0.00000 0.00000 0.00000 0.00000 0.00000 0.00000 0.00000 0.00000 0.00000 0.00000 0.00000 0.00000 0.00000 0.00000 0.00000 0.00000 0.00000 0.00000 0.00000 0.00000 0.00000
42 0.03815 0.03087 0.02392 0.02264 0.03452 0.02026 0.05861 0.02319 0.02450 0.04213 0.02686 0.02794 0.04184 0.02990 0.03081 0.03168 0.03250 0.03328 0.03423 0.03473 0.06324 0.03603 0.08533 0.03718 0.06750 0.06816 0.00000 0.00000 0.00000 0.00000 0.00000 0.00000 0.00000 0.00000 0.00000 0.00000 0.00000 0.00000 0.00000 0.00000 0.00000 0.00000 0.00000 0.00000 0.00000 0.00000 0.00000 0.00000 0.00000 0.00000
43 0.07418 0.03440 0.05449 0.03330 0.02925 0.06112 0.06054 0.02575 0.02162 0.04216 0.01797 0.05170 0.02000 0.02131 0.03149 0.02111 0.01466 0.01319 0.03813 0.01252 0.01208 0.01084 0.05626 0.00975 0.05898 0.01087 0.00992 0.08855 0.06387 0.00000 0.00000 0.00000 0.00000 0.00000 0.00000 0.00000 0.00000 0.00000 0.00000 0.00000 0.00000 0.00000 0.00000 0.00000 0.00000 0.00000 0.00000 0.00000 0.00000 0.00000
44 0.05199 0.02535 0.03330 0.02569 0.02454 0.04084 0.03906 0.02566 0.02596 0.03963 0.02649 0.03960 0.02693 0.02712 0.02885 0.03323 0.02359 0.02426 0.03923 0.02244 0.02688 0.02389 0.04439 0.02409 0.03832 0.02400 0.02457 0.04575 0.04497 0.03138 0.04798 0.00000 0.00000 0.00000 0.00000 0.00000 0.00000 0.00000 0.00000 0.00000 0.00000 0.00000 0.00000 0.00000 0.00000 0.00000 0.00000 0.00000 0.00000 0.00000
45 0.00960 0.00762 0.00662 0.00628 0.00671 0.00712 0.05258 0.00886 0.00690 0.04498 0.00726 0.00655 0.05003 0.00498 0.00416 0.00412 0.00455 0.00496 0.00535 0.00488 0.03967 0.00478 0.05072 0.00492 0.09040 0.02488 0.00453 0.00429 0.01837 0.08768 0.06246 0.04274 0.00459 0.00518 0.01221 0.00569 0.00602 0.00622 0.00640 0.05981 0.07131 0.00646 0.00678 0.06585 0.05394 0.00000 0.00000 0.00000 0.00000 0.00000
46 0.05778 0.05696 0.05745 0.05397 0.05406 0.05521 0.22983 0.06778 0.05726 0.25080 0.05891 0.00000 0.00000 0.00000 0.00000 0.00000 0.00000 0.00000 0.00000 0.00000 0.00000 0.00000 0.00000 0.00000 0.00000 0.00000 0.00000 0.00000 0.00000 0.00000 0.00000 0.00000 0.00000 0.00000 0.00000 0.00000 0.00000 0.00000 0.00000 0.00000 0.00000 0.00000 0.00000 0.00000 0.00000 0.00000 0.00000 0.00000 0.00000 0.00000
47 0.03429 0.01703 0.01475 0.01118 0.01011 0.01041 0.04680 0.00897 0.01009 0.03850 0.00911 0.01349 0.01873 0.01003 0.00847 0.01186 0.01072 0.01084 0.00940 0.01019 0.02903 0.01194 0.07237 0.00989 0.04997 0.01600 0.00984 0.00892 0.02088 0.03849 0.05893 0.03282 0.01427 0.01521 0.03360 0.01463 0.02979 0.01656 0.01744 0.03666 0.06896 0.01984 0.02057 0.03841 0.00000 0.00000 0.00000 0.00000 0.00000 0.00000
48 0.07019 0.06706 0.06825 0.06942 0.07054 0.07160 0.21366 0.07353 0.07440 0.22134 0.00000 0.00000 0.00000 0.00000 0.00000 0.00000 0.00000 0.00000 0.00000 0.00000 0.00000 0.00000 0.00000 0.00000 0.00000 0.00000 0.00000 0.00000 0.00000 0.00000 0.00000 0.00000 0.00000 0.00000 0.00000 0.00000 0.00000 0.00000 0.00000 0.00000 0.00000 0.00000 0.00000 0.00000 0.00000 0.00000 0.00000 0.00000 0.00000 0.00000
49 0.03867 0.03881 0.03215 0.03025 0.02359 0.02470 0.17428 0.02702 0.02436 0.20721 0.02718 0.02843 0.19490 0.03066 0.03167 0.03262 0.03350 0.00000 0.00000 0.00000 0.00000 0.00000 0.00000 0.00000 0.00000 0.00000 0.00000 0.00000 0.00000 0.00000 0.00000 0.00000 0.00000 0.00000 0.00000 0.00000 0.00000 0.00000 0.00000 0.00000 0.00000 0.00000 0.00000 0.00000 0.00000 0.00000 0.00000 0.00000 0.00000 0.00000
50 0.06921 0.03251 0.03390 0.02359 0.02563 0.04073 0.09152 0.03121 0.03283 0.06918 0.03577 0.05044 0.04061 0.03959 0.04075 0.04729 0.04289 0.04389 0.05083 0.04575 0.06447 0.04741 0.00000 0.00000 0.00000 0.00000 0.00000 0.00000 0.00000 0.00000 0.00000 0.00000 0.00000 0.00000 0.00000 0.00000 0.00000 0.00000 0.00000 0.00000 0.00000 0.00000 0.00000 0.00000 0.00000 0.00000 0.00000 0.00000 0.00000 0.00000
51 0.10459 0.09143 0.14060 0.07944 0.08008 0.09580 0.07581 0.07724 0.09735 0.07822 0.07942 0.00000 0.00000 0.00000 0.00000 0.00000 0.00000 0.00000 0.00000 0.00000 0.00000 0.00000 0.00000 0.00000 0.00000 0.00000 0.00000 0.00000 0.00000 0.00000 0.00000 0.00000 0.00000 0.00000 0.00000 0.00000 0.00000 0.00000 0.00000 0.00000 0.00000 0.00000 0.00000 0.00000 0.00000 0.00000 0.00000 0.00000 0.00000 0.00000
52 0.03502 0.02836 0.05642 0.02345 0.01664 0.01481 0.01309 0.01271 0.01496 0.01309 0.01162 0.04479 0.01166 0.02507 0.04010 0.09687 0.00911 0.00818 0.00817 0.02036 0.00959 0.01166 0.01244 0.01168 0.01338 0.01035 0.01601 0.01059 0.01206 0.01351 0.02559 0.02694 0.03554 0.01898 0.02289 0.03682 0.02146 0.07023 0.06490 0.02492 0.02597 0.00000 0.00000 0.00000 0.00000 0.00000 0.00000 0.00000 0.00000 0.00000
53 0.03326 0.03277 0.05016 0.02862 0.02897 0.03245 0.02831 0.02880 0.03897 0.02963 0.02999 0.05068 0.03061 0.04636 0.05024 0.06323 0.02779 0.02844 0.03631 0.03219 0.02992 0.02872 0.02927 0.02975 0.03016 0.02697 0.04105 0.02812 0.02826 0.00000 0.00000 0.00000 0.00000 0.00000 0.00000 0.00000 0.00000 0.00000 0.00000 0.00000 0.00000 0.00000 0.00000 0.00000 0.00000 0.00000 0.00000 0.00000 0.00000 0.00000
54 0.04671 0.03802 0.04663 0.01431 0.01161 0.00884 0.00821 0.00899 0.02367 0.00728 0.00781 0.02868 0.00712 0.02728 0.01506 0.10850 0.00689 0.00679 0.01569 0.00819 0.00699 0.00826 0.00772 0.00772 0.00762 0.01223 0.02378 0.00908 0.00914 0.00946 0.01560 0.01968 0.05323 0.01445 0.03545 0.03517 0.01705 0.04713 0.05025 0.02084 0.02556 0.02270 0.04313 0.02516 0.02631 0.00000 0.00000 0.00000 0.00000 0.00000
55 0.07820 0.05259 0.12827 0.04165 0.04438 0.06876 0.04926 0.05146 0.07063 0.05543 0.05724 0.13546 0.06058 0.10610 0.00000 0.00000 0.00000 0.00000 0.00000 0.00000 0.00000 0.00000 0.00000 0.00000 0.00000 0.00000 0.00000 0.00000 0.00000 0.00000 0.00000 0.00000 0.00000 0.00000 0.00000 0.00000 0.00000 0.00000 0.00000 0.00000 0.00000 0.00000 0.00000 0.00000 0.00000 0.00000 0.00000 0.00000 0.00000 0.00000
56 0.03212 0.03087 0.06006 0.02054 0.01878 0.02677 0.01909 0.01693 0.02972 0.01825 0.01949 0.05229 0.02176 0.04603 0.05587 0.07988 0.02110 0.01949 0.03062 0.02296 0.02050 0.02164 0.01957 0.01962 0.02003 0.02040 0.04350 0.02040 0.02041 0.02153 0.02818 0.02354 0.05360 0.02444 0.00000 0.00000 0.00000 0.00000 0.00000 0.00000 0.00000 0.00000 0.00000 0.00000 0.00000 0.00000 0.00000 0.00000 0.00000 0.00000
57 0.03669 0.03513 0.04922 0.02639 0.01971 0.01646 0.02158 0.01803 0.02674 0.02090 0.02243 0.05115 0.02524 0.05556 0.05004 0.07215 0.03002 0.03108 0.03865 0.04114 0.03404 0.03496 0.03585 0.03671 0.04358 0.03921 0.04752 0.03982 0.00000 0.00000 0.00000 0.00000 0.00000 0.00000 0.00000 0.00000 0.00000 0.00000 0.00000 0.00000 0.00000 0.00000 0.00000 0.00000 0.00000 0.00000 0.00000 0.00000 0.00000 0.00000
58 0.04437 0.03236 0.04583 0.02778 0.02297 0.01586 0.02554 0.01226 0.01212 0.01913 0.01071 0.02166 0.02598 0.01687 0.02481 0.07669 0.00875 0.00875 0.00802 0.02500 0.00827 0.00733 0.01000 0.00877 0.01964 0.00942 0.01331 0.00715 0.00771 0.01267 0.02539 0.04680 0.04872 0.00874 0.01011 0.02193 0.00895 0.04231 0.02189 0.01601 0.01824 0.01060 0.02572 0.01251 0.01087 0.01351 0.03574 0.01062 0.01230 0.00931
59 0.04720 0.04411 0.04796 0.02157 0.03433 0.01519 0.01678 0.01376 0.02001 0.01339 0.01448 0.02431 0.04498 0.04493 0.03089 0.06325 0.01961 0.02122 0.02277 0.04908 0.02435 0.02583 0.02723 0.02858 0.03748 0.04588 0.03564 0.03340 0.03449 0.04033 0.05699 0.00000 0.00000 0.00000 0.00000 0.00000 0.00000 0.00000 0.00000 0.00000 0.00000 0.00000 0.00000 0.00000 0.00000 0.00000 0.00000 0.00000 0.00000 0.00000
60 0.03028 0.02918 0.04435 0.02640 0.02322 0.02522 0.03229 0.01995 0.01432 0.01377 0.01481 0.04193 0.01699 0.03403 0.04514 0.04725 0.01935 0.02018 0.02814 0.02562 0.02239 0.02306 0.02368 0.02428 0.03355 0.02539 0.03532 0.02862 0.02862 0.02726 0.03143 0.03984 0.04482 0.02869 0.03064 0.00000 0.00000 0.00000 0.00000 0.00000 0.00000 0.00000 0.00000 0.00000 0.00000 0.00000 0.00000 0.00000 0.00000 0.00000
61 0.03341 0.02677 0.06744 0.02464 0.02330 0.03840 0.02370 0.02428 0.04416 0.03008 0.02395 0.05794 0.02866 0.04110 0.06167 0.07050 0.02434 0.02488 0.02976 0.03274 0.02617 0.03766 0.02602 0.02676 0.02491 0.02547 0.03857 0.03508 0.02763 0.00000 0.00000 0.00000 0.00000 0.00000 0.00000 0.00000 0.00000 0.00000 0.00000 0.00000 0.00000 0.00000 0.00000 0.00000 0.00000 0.00000 0.00000 0.00000 0.00000 0.00000
62 0.01845 0.02186 0.01187 0.01276 0.01056 0.00826 0.02852 0.04774 0.02567 0.03146 0.00881 0.01269 0.07405 0.03079 0.02048 0.01574 0.00582 0.00596 0.00680 0.04275 0.01168 0.00699 0.00794 0.00616 0.03118 0.01703 0.02904 0.00571 0.01191 0.01738 0.03621 0.02293 0.01478 0.00804 0.01967 0.00763 0.00668 0.00769 0.03429 0.04252 0.03421 0.00923 0.00999 0.02305 0.05021 0.01212 0.02708 0.02890 0.01871 0.00000
63 0.03310 0.03527 0.05488 0.01635 0.01775 0.01710 0.01976 0.02064 0.03973 0.02388 0.02537 0.05160 0.03094 0.07709 0.05783 0.07922 0.03297 0.03405 0.03937 0.04286 0.03711 0.03806 0.03898 0.03987 0.04629 0.04990 0.00000 0.00000 0.00000 0.00000 0.00000 0.00000 0.00000 0.00000 0.00000 0.00000 0.00000 0.00000 0.00000 0.00000 0.00000 0.00000 0.00000 0.00000 0.00000 0.00000 0.00000 0.00000 0.00000 0.00000
64 0.04060 0.03510 0.07162 0.03013 0.02830 0.03878 0.02586 0.02469 0.04064 0.02086 0.02066 0.06829 0.02220 0.05226 0.06553 0.09161 0.01900 0.01785 0.02463 0.02150 0.01372 0.02263 0.01357 0.01368 0.01504 0.01398 0.02358 0.02033 0.01665 0.01692 0.02238 0.01773 0.02965 0.00000 0.00000 0.00000 0.00000 0.00000 0.00000 0.00000 0.00000 0.00000 0.00000 0.00000 0.00000 0.00000 0.00000 0.00000 0.00000 0.00000
65 0.07893 0.07921 0.10875 0.07666 0.07778 0.07884 0.14745 0.09068 0.08056 0.18114 0.00000 0.00000 0.00000 0.00000 0.00000 0.00000 0.00000 0.00000 0.00000 0.00000 0.00000 0.00000 0.00000 0.00000 0.00000 0.00000 0.00000 0.00000 0.00000 0.00000 0.00000 0.00000 0.00000 0.00000 0.00000 0.00000 0.00000 0.00000 0.00000 0.00000 0.00000 0.00000 0.00000 0.00000 0.00000 0.00000 0.00000 0.00000 0.00000 0.00000
66 0.03943 0.02684 0.06442 0.02372 0.02437 0.03867 0.02293 0.02327 0.03480 0.02585 0.02194 0.06359 0.02275 0.03962 0.06201 0.07229 0.02549 0.02554 0.03532 0.03185 0.02698 0.03724 0.02772 0.02611 0.02393 0.02474 0.03649 0.04142 0.03067 0.00000 0.00000 0.00000 0.00000 0.00000 0.00000 0.00000 0.00000 0.00000 0.00000 0.00000 0.00000 0.00000 0.00000 0.00000 0.00000 0.00000 0.00000 0.00000 0.00000 0.00000
67 0.00879 0.00820 0.02094 0.00502 0.00462 0.00812 0.00451 0.01547 0.20577 0.05511 0.00335 0.01460 0.17858 0.07634 0.05681 0.00976 0.00341 0.00383 0.00429 0.06688 0.00509 0.00428 0.00430 0.00432 0.00479 0.00637 0.01372 0.00610 0.01376 0.01665 0.02672 0.00758 0.00792 0.00824 0.02340 0.00884 0.00913 0.02593 0.04846 0.00000 0.00000 0.00000 0.00000 0.00000 0.00000 0.00000 0.00000 0.00000 0.00000 0.00000
68 0.02793 0.03510 0.02820 0.02841 0.02864 0.02888 0.05084 0.05728 0.04439 0.05021 0.02274 0.02730 0.07097 0.03867 0.03608 0.03255 0.01136 0.00936 0.00989 0.06547 0.01407 0.00709 0.00992 0.00920 0.04721 0.02039 0.02838 0.01209 0.02841 0.03411 0.04364 0.04124 0.00000 0.00000 0.00000 0.00000 0.00000 0.00000 0.00000 0.00000 0.00000 0.00000 0.00000 0.00000 0.00000 0.00000 0.00000 0.00000 0.00000 0.00000
69 0.05818 0.03794 0.06799 0.02758 0.02818 0.03966 0.03136 0.03214 0.03842 0.03011 0.02771 0.07760 0.02781 0.04655 0.07001 0.11467 0.02796 0.02949 0.04762 0.03508 0.03298 0.03563 0.03530 0.00000 0.00000 0.00000 0.00000 0.00000 0.00000 0.00000 0.00000 0.00000 0.00000 0.00000 0.00000 0.00000 0.00000 0.00000 0.00000 0.00000 0.00000 0.00000 0.00000 0.00000 0.00000 0.00000 0.00000 0.00000 0.00000 0.00000
70 0.03943 0.03734 0.02934 0.02690 0.02681 0.02831 0.09763 0.09050 0.03830 0.10989 0.03412 0.03503 0.13674 0.04387 0.05662 0.05146 0.03868 0.03925 0.03979 0.00000 0.00000 0.00000 0.00000 0.00000 0.00000 0.00000 0.00000 0.00000 0.00000 0.00000 0.00000 0.00000 0.00000 0.00000 0.00000 0.00000 0.00000 0.00000 0.00000 0.00000 0.00000 0.00000 0.00000 0.00000 0.00000 0.00000 0.00000 0.00000 0.00000 0.00000
71 0.05725 0.05602 0.10014 0.05451 0.05761 0.06000 0.05749 0.05809 0.08261 0.06130 0.06269 0.10040 0.07186 0.12003 0.00000 0.00000 0.00000 0.00000 0.00000 0.00000 0.00000 0.00000 0.00000 0.00000 0.00000 0.00000 0.00000 0.00000 0.00000 0.00000 0.00000 0.00000 0.00000 0.00000 0.00000 0.00000 0.00000 0.00000 0.00000 0.00000 0.00000 0.00000 0.00000 0.00000 0.00000 0.00000 0.00000 0.00000 0.00000 0.00000
72 0.09830 0.09917 0.13812 0.07300 0.07504 0.07968 0.07860 0.08015 0.11106 0.08284 0.08402 0.00000 0.00000 0.00000 0.00000 0.00000 0.00000 0.00000 0.00000 0.00000 0.00000 0.00000 0.00000 0.00000 0.00000 0.00000 0.00000 0.00000 0.00000 0.00000 0.00000 0.00000 0.00000 0.00000 0.00000 0.00000 0.00000 0.00000 0.00000 0.00000 0.00000 0.00000 0.00000 0.00000 0.00000 0.00000 0.00000 0.00000 0.00000 0.00000
73 0.05624 0.04313 0.07086 0.03943 0.03173 0.03513 0.02091 0.02178 0.02914 0.02194 0.02354 0.07814 0.02644 0.04532 0.06535 0.09701 0.03071 0.03116 0.04755 0.04097 0.03414 0.04174 0.03328 0.03435 0.00000 0.00000 0.00000 0.00000 0.00000 0.00000 0.00000 0.00000 0.00000 0.00000 0.00000 0.00000 0.00000 0.00000 0.00000 0.00000 0.00000 0.00000 0.00000 0.00000 0.00000 0.00000 0.00000 0.00000 0.00000 0.00000
74 0.08389 0.08781 0.11783 0.08531 0.09228 0.08412 0.08833 0.08487 0.10083 0.08692 0.08780 0.00000 0.00000 0.00000 0.00000 0.00000 0.00000 0.00000 0.00000 0.00000 0.00000 0.00000 0.00000 0.00000 0.00000 0.00000 0.00000 0.00000 0.00000 0.00000 0.00000 0.00000 0.00000 0.00000 0.00000 0.00000 0.00000 0.00000 0.00000 0.00000 0.00000 0.00000 0.00000 0.00000 0.00000 0.00000 0.00000 0.00000 0.00000 0.00000
75 0.04155 0.03440 0.07120 0.01745 0.01578 0.02373 0.01566 0.01487 0.03073 0.01456 0.01442 0.06127 0.01659 0.05597 0.06169 0.09751 0.01952 0.02100 0.03553 0.02786 0.02458 0.02631 0.02653 0.02720 0.02837 0.02948 0.05069 0.03293 0.03077 0.03189 0.00000 0.00000 0.00000 0.00000 0.00000 0.00000 0.00000 0.00000 0.00000 0.00000 0.00000 0.00000 0.00000 0.00000 0.00000 0.00000 0.00000 0.00000 0.00000 0.00000
76 0.08849 0.08968 0.12801 0.08274 0.08725 0.07993 0.09931 0.07642 0.09415 0.09396 0.08006 0.00000 0.00000 0.00000 0.00000 0.00000 0.00000 0.00000 0.00000 0.00000 0.00000 0.00000 0.00000 0.00000 0.00000 0.00000 0.00000 0.00000 0.00000 0.00000 0.00000 0.00000 0.00000 0.00000 0.00000 0.00000 0.00000 0.00000 0.00000 0.00000 0.00000 0.00000 0.00000 0.00000 0.00000 0.00000 0.00000 0.00000 0.00000 0.00000
77 0.03974 0.04247 0.07200 0.03548 0.04263 0.03998 0.03759 0.03864 0.06807 0.04045 0.04123 0.06836 0.05103 0.09066 0.06887 0.08323 0.04464 0.04504 0.04989 0.00000 0.00000 0.00000 0.00000 0.00000 0.00000 0.00000 0.00000 0.00000 0.00000 0.00000 0.00000 0.00000 0.00000 0.00000 0.00000 0.00000 0.00000 0.00000 0.00000 0.00000 0.00000 0.00000 0.00000 0.00000 0.00000 0.00000 0.00000 0.00000 0.00000 0.00000
78 0.01478 0.03119 0.01104 0.00946 0.00716 0.00545 0.02137 0.07423 0.02709 0.03497 0.00816 0.00810 0.06311 0.00549 0.00518 0.01958 0.00635 0.00629 0.00520 0.01687 0.02980 0.00570 0.01066 0.00477 0.01720 0.02547 0.06329 0.00527 0.00490 0.04942 0.01624 0.03018 0.03526 0.00374 0.06894 0.00483 0.00517 0.00575 0.02419 0.04257 0.02977 0.00559 0.00660 0.01332 0.04828 0.01143 0.02276 0.02780 0.00000 0.00000
79 0.08088 0.06950 0.18463 0.06588 0.06704 0.09988 0.06914 0.07006 0.14011 0.08049 0.07239 0.00000 0.00000 0.00000 0.00000 0.00000 0.00000 0.00000 0.00000 0.00000 0.00000 0.00000 0.00000 0.00000 0.00000 0.00000 0.00000 0.00000 0.00000 0.00000 0.00000 0.00000 0.00000 0.00000 0.00000 0.00000 0.00000 0.00000 0.00000 0.00000 0.00000 0.00000 0.00000 0.00000 0.00000 0.00000 0.00000 0.00000 0.00000 0.00000
80 0.03500 0.04904 0.05860 0.03428 0.03528 0.03620 0.03852 0.04241 0.05847 0.03923 0.03985 0.04176 0.03201 0.05341 0.04516 0.06201 0.02244 0.02417 0.02299 0.02012 0.01775 0.01516 0.01457 0.01618 0.02080 0.03523 0.04909 0.02020 0.02008 0.00000 0.00000 0.00000 0.00000 0.00000 0.00000 0.00000 0.00000 0.00000 0.00000 0.00000 0.00000 0.00000 0.00000 0.00000 0.00000 0.00000 0.00000 0.00000 0.00000 0.00000
81 0.11139 0.09831 0.15274 0.08077 0.08247 0.10441 0.08548 0.08523 0.11131 0.08789 0.00000 0.00000 0.00000 0.00000 0.00000 0.00000 0.00000 0.00000 0.00000 0.00000 0.00000 0.00000 0.00000 0.00000 0.00000 0.00000 0.00000 0.00000 0.00000 0.00000 0.00000 0.00000 0.00000 0.00000 0.00000 0.00000 0.00000 0.00000 0.00000 0.00000 0.00000 0.00000 0.00000 0.00000 0.00000 0.00000 0.00000 0.00000 0.00000 0.00000
82 0.01325 0.01605 0.00967 0.01031 0.00740 0.00652 0.02737 0.04305 0.02530 0.03677 0.00686 0.01051 0.08249 0.02200 0.01946 0.01804 0.00584 0.00663 0.00717 0.05318 0.01591 0.00940 0.01157 0.00857 0.03331 0.01953 0.02261 0.01063 0.01586 0.02951 0.03652 0.03036 0.01079 0.00874 0.01643 0.00679 0.00525 0.00897 0.03373 0.04549 0.02351 0.00884 0.00954 0.02682 0.04103 0.01118 0.02670 0.03121 0.01336 0.00000
83 0.03003 0.04427 0.03031 0.03054 0.03078 0.03049 0.04662 0.05459 0.05283 0.05445 0.03164 0.04975 0.05462 0.05760 0.06335 0.04965 0.03286 0.03300 0.03313 0.05564 0.03334 0.03343 0.03351 0.03358 0.00000 0.00000 0.00000 0.00000 0.00000 0.00000 0.00000 0.00000 0.00000 0.00000 0.00000 0.00000 0.00000 0.00000 0.00000 0.00000 0.00000 0.00000 0.00000 0.00000 0.00000 0.00000 0.00000 0.00000 0.00000 0.00000
84 0.02171 0.02369 0.01259 0.00900 0.00706 0.00587 0.02357 0.02971 0.01661 0.04696 0.00483 0.02285 0.05009 0.00955 0.03107 0.04395 0.00376 0.00359 0.00368 0.04750 0.00547 0.00333 0.00359 0.00400 0.02452 0.00395 0.02663 0.00594 0.02829 0.01517 0.02493 0.02008 0.00543 0.00472 0.01158 0.00444 0.00447 0.01018 0.20235 0.04969 0.00879 0.00520 0.00477 0.00549 0.02963 0.00509 0.02911 0.01511 0.00879 0.01161
85 0.01450 0.01743 0.01017 0.00737 0.00618 0.00622 0.03916 0.04763 0.01094 0.04205 0.00408 0.00455 0.14031 0.01256 0.01171 0.01049 0.00356 0.00350 0.00353 0.05257 0.01414 0.00341 0.00827 0.00305 0.05758 0.01537 0.01913 0.00312 0.00660 0.02609 0.03584 0.04223 0.01168 0.00381 0.00929 0.00349 0.00344 0.00339 0.01482 0.06320 0.03904 0.00416 0.00481 0.02865 0.06765 0.00877 0.01110 0.02386 0.00744 0.00807
86 0.01858 0.02342 0.01260 0.01095 0.00967 0.00961 0.03025 0.04204 0.02856 0.03827 0.00723 0.00939 0.12087 0.02947 0.02075 0.01137 0.00371 0.00397 0.00409 0.05707 0.00969 0.00455 0.00656 0.00531 0.03525 0.01601 0.02130 0.00523 0.01394 0.02357 0.03387 0.02380 0.01130 0.00741 0.01474 0.00619 0.00616 0.00973 0.03814 0.03988 0.02465 0.00530 0.00539 0.02179 0.05426 0.00388 0.01687 0.02924 0.00691 0.00724
87 0.04632 0.05636 0.06974 0.02565 0.03427 0.02669 0.02860 0.03172 0.06446 0.03355 0.03500 0.04313 0.05064 0.09819 0.06835 0.07101 0.04125 0.04231 0.04331 0.04427 0.04518 0.00000 0.00000 0.00000 0.00000 0.00000 0.00000 0.00000 0.00000 0.00000 0.00000 0.00000 0.00000 0.00000 0.00000 0.00000 0.00000 0.00000 0.00000 0.00000 0.00000 0.00000 0.00000 0.00000 0.00000 0.00000 0.00000 0.00000 0.00000 0.00000
88 0.12380 0.08260 0.14756 0.07278 0.07236 0.10480 0.07440 0.07531 0.08739 0.08140 0.07761 0.00000 0.00000 0.00000 0.00000 0.00000 0.00000 0.00000 0.00000 0.00000 0.00000 0.00000 0.00000 0.00000 0.00000 0.00000 0.00000 0.00000 0.00000 0.00000 0.00000 0.00000 0.00000 0.00000 0.00000 0.00000 0.00000 0.00000 0.00000 0.00000 0.00000 0.00000 0.00000 0.00000 0.00000 0.00000 0.00000 0.00000 0.00000 0.00000
89 0.05531 0.04421 0.07483 0.04423 0.04587 0.04738 0.06208 0.05002 0.05024 0.05837 0.04343 0.08303 0.04327 0.04901 0.08145 0.11761 0.04967 0.00000 0.00000 0.00000 0.00000 0.00000 0.00000 0.00000 0.00000 0.00000 0.00000 0.00000 0.00000 0.00000 0.00000 0.00000 0.00000 0.00000 0.00000 0.00000 0.00000 0.00000 0.00000 0.00000 0.00000 0.00000 0.00000 0.00000 0.00000 0.00000 0.00000 0.00000 0.00000 0.00000
90 0.03677 0.01958 0.04210 0.01125 0.01114 0.01825 0.01122 0.00878 0.00932 0.00811 0.00616 0.05809 0.00607 0.01373 0.04386 0.08409 0.00477 0.00545 0.01686 0.00779 0.00515 0.00806 0.00484 0.00482 0.00713 0.00642 0.01351 0.02178 0.01079 0.00628 0.00810 0.01132 0.01396 0.00629 0.00806 0.01983 0.01437 0.06283 0.12845 0.00871 0.00942 0.02647 0.00976 0.01026 0.00969 0.00954 0.06629 0.00952 0.03091 0.02404
91 0.03003 0.02082 0.04706 0.01732 0.01814 0.02553 0.01960 0.02025 0.02769 0.02107 0.02163 0.05006 0.02264 0.03415 0.04598 0.06339 0.02426 0.02459 0.03284 0.02848 0.02544 0.03167 0.02589 0.02609 0.02626 0.02642 0.03430 0.03359 0.02738 0.02692 0.02896 0.02813 0.03613 0.02724 0.00000 0.00000 0.00000 0.00000 0.00000 0.00000 0.00000 0.00000 0.00000 0.00000 0.00000 0.00000 0.00000 0.00000 0.00000 0.00000
92 0.05248 0.04174 0.07442 0.02360 0.02062 0.02978 0.01729 0.01899 0.03310 0.02216 0.02361 0.07101 0.02625 0.05383 0.07495 0.08424 0.03076 0.03176 0.04984 0.03523 0.03455 0.03870 0.03624 0.03704 0.03781 0.00000 0.00000 0.00000 0.00000 0.00000 0.00000 0.00000 0.00000 0.00000 0.00000 0.00000 0.00000 0.00000 0.00000 0.00000 0.00000 0.00000 0.00000 0.00000 0.00000 0.00000 0.00000 0.00000 0.00000 0.00000
93 0.05610 0.04536 0.07188 0.02419 0.02362 0.03527 0.02715 0.02874 0.03963 0.03157 0.03284 0.07661 0.03516 0.05943 0.07294 0.09687 0.03406 0.03529 0.05384 0.04104 0.03850 0.03989 0.00000 0.00000 0.00000 0.00000 0.00000 0.00000 0.00000 0.00000 0.00000 0.00000 0.00000 0.00000 0.00000 0.00000 0.00000 0.00000 0.00000 0.00000 0.00000 0.00000 0.00000 0.00000 0.00000 0.00000 0.00000 0.00000 0.00000 0.00000
94 0.06367 0.05770 0.05378 0.01953 0.01913 0.01745 0.01312 0.01914 0.04288 0.01649 0.01786 0.03956 0.02039 0.03737 0.03522 0.07127 0.02471 0.02567 0.05410 0.02748 0.02834 0.03350 0.02996 0.03074 0.03148 0.03711 0.06379 0.03435 0.03422 0.00000 0.00000 0.00000 0.00000 0.00000 0.00000 0.00000 0.00000 0.00000 0.00000 0.00000 0.00000 0.00000 0.00000 0.00000 0.00000 0.00000 0.00000 0.00000 0.00000 0.00000
95 0.03866 0.02263 0.05880 0.01164 0.00950 0.01932 0.00806 0.00828 0.01275 0.01135 0.01184 0.06152 0.01406 0.02872 0.06281 0.08303 0.01803 0.01892 0.03481 0.02079 0.02140 0.02256 0.02291 0.02362 0.02452 0.02499 0.04524 0.04182 0.03033 0.02361 0.02563 0.02685 0.04871 0.02697 0.03533 0.00000 0.00000 0.00000 0.00000 0.00000 0.00000 0.00000 0.00000 0.00000 0.00000 0.00000 0.00000 0.00000 0.00000 0.00000
96 0.02108 0.04961 0.04357 0.01537 0.01437 0.00947 0.00976 0.01290 0.04432 0.00912 0.00796 0.00980 0.00789 0.07863 0.03459 0.01669 0.00755 0.00837 0.01758 0.00864 0.00689 0.00711 0.00794 0.00997 0.01038 0.02762 0.08782 0.01059 0.01109 0.01177 0.01241 0.01303 0.12776 0.01417 0.06837 0.04078 0.01572 0.02378 0.04838 0.01712 0.00000 0.00000 0.00000 0.00000 0.00000 0.00000 0.00000 0.00000 0.00000 0.00000
97 0.03287 0.03007 0.04887 0.02298 0.01954 0.02375 0.01881 0.01599 0.02273 0.01190 0.01196 0.04248 0.01343 0.03261 0.03937 0.06946 0.01216 0.01328 0.02058 0.01680 0.01310 0.01500 0.01521 0.01618 0.01484 0.01588 0.02458 0.01500 0.01344 0.01331 0.01787 0.01324 0.02918 0.01249 0.02021 0.02854 0.01561 0.05039 0.05848 0.01753 0.01839 0.01920 0.02267 0.00000 0.00000 0.00000 0.00000 0.00000 0.00000 0.00000
98 0.03313 0.03713 0.05579 0.02197 0.01697 0.02522 0.02354 0.02066 0.02096 0.02122 0.01270 0.04204 0.01515 0.03264 0.06328 0.05697 0.01936 0.02026 0.02545 0.02242 0.02234 0.02312 0.02385 0.02456 0.03037 0.02589 0.04944 0.02999 0.03083 0.02823 0.03110 0.03372 0.05970 0.00000 0.00000 0.00000 0.00000 0.00000 0.00000 0.00000 0.00000 0.00000 0.00000 0.00000 0.00000 0.00000 0.00000 0.00000 0.00000 0.00000
99 0.03455 0.02488 0.05307 0.01421 0.01447 0.02270 0.01497 0.01308 0.01967 0.01044 0.00953 0.05172 0.00820 0.02812 0.05513 0.08108 0.00747 0.00850 0.01767 0.01052 0.00934 0.01086 0.00830 0.00846 0.00949 0.01048 0.02289 0.01942 0.01283 0.01168 0.01333 0.01352 0.03053 0.01489 0.02262 0.03408 0.02106 0.05506 0.08482 0.01917 0.01979 0.02640 0.02097 0.00000 0.00000 0.00000 0.00000 0.00000 0.00000 0.00000
100 0.12235 0.08343 0.13633 0.07607 0.07682 0.10236 0.07691 0.07782 0.08841 0.07940 0.08009 0.00000 0.00000 0.00000 0.00000 0.00000 0.00000 0.00000 0.00000 0.00000 0.00000 0.00000 0.00000 0.00000 0.00000 0.00000 0.00000 0.00000 0.00000 0.00000 0.00000 0.00000 0.00000 0.00000 0.00000 0.00000 0.00000 0.00000 0.00000 0.00000 0.00000 0.00000 0.00000 0.00000 0.00000 0.00000 0.00000 0.00000 0.00000 0.00000
101 0.05580 0.03040 0.07664 0.02804 0.02993 0.03714 0.04289 0.03486 0.03015 0.04224 0.02443 0.08244 0.02200 0.02255 0.07964 0.11850 0.02667 0.02828 0.02980 0.04631 0.03258 0.04361 0.03509 0.00000 0.00000 0.00000 0.00000 0.00000 0.00000 0.00000 0.00000 0.00000 0.00000 0.00000 0.00000 0.00000 0.00000 0.00000 0.00000 0.00000 0.00000 0.00000 0.00000 0.00000 0.00000 0.00000 0.00000 0.00000 0.00000 0.00000
102 0.03691 0.03275 0.05055 0.02308 0.04071 0.02117 0.02265 0.02143 0.05106 0.01938 0.01647 0.02307 0.04065 0.07529 0.02791 0.05658 0.01820 0.01948 0.02069 0.03167 0.02292 0.02396 0.02494 0.02588 0.02678 0.04875 0.04076 0.02931 0.03009 0.03086 0.04606 0.00000 0.00000 0.00000 0.00000 0.00000 0.00000 0.00000 0.00000 0.00000 0.00000 0.00000 0.00000 0.00000 0.00000 0.00000 0.00000 0.00000 0.00000 0.00000
103 0.04354 0.03410 0.05244 0.02076 0.01727 0.02334 0.01484 0.01319 0.02038 0.01213 0.01313 0.05716 0.01167 0.02751 0.03764 0.10090 0.00977 0.00977 0.02391 0.01477 0.01028 0.01401 0.00876 0.00918 0.01036 0.01151 0.02109 0.01684 0.01206 0.01211 0.01957 0.01597 0.02673 0.01460 0.02108 0.02968 0.01932 0.05652 0.07196 0.01969 0.02049 0.00000 0.00000 0.00000 0.00000 0.00000 0.00000 0.00000 0.00000 0.00000
104 0.02849 0.02848 0.04711 0.02426 0.01920 0.01306 0.01200 0.01087 0.01632 0.01071 0.01222 0.04339 0.01922 0.03453 0.03615 0.09854 0.01484 0.01637 0.02131 0.02804 0.02056 0.02208 0.02305 0.02421 0.02441 0.02556 0.03480 0.02769 0.02868 0.02964 0.04017 0.03895 0.05134 0.03317 0.04056 0.00000 0.00000 0.00000 0.00000 0.00000 0.00000 0.00000 0.00000 0.00000 0.00000 0.00000 0.00000 0.00000 0.00000 0.00000
105 0.02408 0.07278 0.03490 0.01903 0.01979 0.02088 0.03292 0.04758 0.04360 0.01716 0.01695 0.01277 0.01251 0.02738 0.01736 0.02265 0.01672 0.01613 0.01683 0.01781 0.02683 0.01786 0.03530 0.02993 0.03107 0.08152 0.11071 0.02021 0.02103 0.04963 0.02254 0.04354 0.00000 0.00000 0.00000 0.00000 0.00000 0.00000 0.00000 0.00000 0.00000 0.00000 0.00000 0.00000 0.00000 0.00000 0.00000 0.00000 0.00000 0.00000
106 0.01546 0.01377 0.05712 0.01213 0.01719 0.01306 0.00671 0.00637 0.03068 0.00573 0.00476 0.04696 0.03052 0.02567 0.05123 0.14945 0.00515 0.00451 0.00411 0.00952 0.00417 0.01648 0.00472 0.00727 0.00420 0.00429 0.00860 0.00390 0.00392 0.00439 0.00470 0.00370 0.00986 0.00448 0.01375 0.03262 0.00437 0.07678 0.11346 0.00392 0.00414 0.00433 0.00685 0.00418 0.00356 0.00355 0.03455 0.01230 0.01021 0.07668
107 0.06902 0.06230 0.09363 0.05202 0.05895 0.05668 0.05871 0.06057 0.07487 0.06384 0.06528 0.10521 0.07551 0.10341 0.00000 0.00000 0.00000 0.00000 0.00000 0.00000 0.00000 0.00000 0.00000 0.00000 0.00000 0.00000 0.00000 0.00000 0.00000 0.00000 0.00000 0.00000 0.00000 0.00000 0.00000 0.00000 0.00000 0.00000 0.00000 0.00000 0.00000 0.00000 0.00000 0.00000 0.00000 0.00000 0.00000 0.00000 0.00000 0.00000
108 0.03505 0.03518 0.05877 0.02950 0.02884 0.03657 0.02826 0.02686 0.04190 0.02686 0.02768 0.05683 0.03265 0.05155 0.05786 0.07540 0.02896 0.02955 0.03708 0.03416 0.03039 0.03017 0.02807 0.02882 0.02947 0.03003 0.04354 0.00000 0.00000 0.00000 0.00000 0.00000 0.00000 0.00000 0.00000 0.00000 0.00000 0.00000 0.00000 0.00000 0.00000 0.00000 0.00000 0.00000 0.00000 0.00000 0.00000 0.00000 0.00000 0.00000
109 0.03450 0.03875 0.02443 0.02578 0.02703 0.02819 0.05224 0.07226 0.06066 0.06079 0.02651 0.03361 0.08828 0.04893 0.04488 0.04959 0.02524 0.02637 0.02743 0.07433 0.03651 0.03025 0.03156 0.03188 0.00000 0.00000 0.00000 0.00000 0.00000 0.00000 0.00000 0.00000 0.00000 0.00000 0.00000 0.00000 0.00000 0.00000 0.00000 0.00000 0.00000 0.00000 0.00000 0.00000 0.00000 0.00000 0.00000 0.00000 0.00000 0.00000
110 0.04043 0.03367 0.04057 0.02137 0.05490 0.02139 0.02305 0.02324 0.04436 0.02430 0.02576 0.03555 0.06254 0.06745 0.04056 0.07886 0.03158 0.03028 0.03149 0.04018 0.03369 0.03469 0.03564 0.03654 0.03408 0.05381 0.00000 0.00000 0.00000 0.00000 0.00000 0.00000 0.00000 0.00000 0.00000 0.00000 0.00000 0.00000 0.00000 0.00000 0.00000 0.00000 0.00000 0.00000 0.00000 0.00000 0.00000 0.00000 0.00000 0.00000
111 0.03201 0.02724 0.07702 0.02593 0.02081 0.02035 0.02214 0.02285 0.03150 0.03022 0.02761 0.07680 0.03728 0.04073 0.07456 0.12762 0.03058 0.03190 0.03314 0.05050 0.03543 0.04775 0.03752 0.03850 0.00000 0.00000 0.00000 0.00000 0.00000 0.00000 0.00000 0.00000 0.00000 0.00000 0.00000 0.00000 0.00000 0.00000 0.00000 0.00000 0.00000 0.00000 0.00000 0.00000 0.00000 0.00000 0.00000 0.00000 0.00000 0.00000
112 0.04185 0.05345 0.06765 0.03642 0.04746 0.02718 0.02928 0.03284 0.07084 0.03483 0.03643 0.04432 0.06196 0.08673 0.05834 0.08528 0.04427 0.04536 0.04639 0.04912 0.00000 0.00000 0.00000 0.00000 0.00000 0.00000 0.00000 0.00000 0.00000 0.00000 0.00000 0.00000 0.00000 0.00000 0.00000 0.00000 0.00000 0.00000 0.00000 0.00000 0.00000 0.00000 0.00000 0.00000 0.00000 0.00000 0.00000 0.00000 0.00000 0.00000
113 0.09472 0.07856 0.15480 0.07332 0.07477 0.10400 0.07735 0.07848 0.11383 0.07504 0.07513 0.00000 0.00000 0.00000 0.00000 0.00000 0.00000 0.00000 0.00000 0.00000 0.00000 0.00000 0.00000 0.00000 0.00000 0.00000 0.00000 0.00000 0.00000 0.00000 0.00000 0.00000 0.00000 0.00000 0.00000 0.00000 0.00000 0.00000 0.00000 0.00000 0.00000 0.00000 0.00000 0.00000 0.00000 0.00000 0.00000 0.00000 0.00000 0.00000
114 0.01563 0.01731 0.01049 0.00964 0.00733 0.00592 0.03483 0.03698 0.01712 0.06233 0.00569 0.02111 0.04282 0.01112 0.03513 0.02726 0.00619 0.00591 0.00465 0.06385 0.00610 0.00388 0.00530 0.00362 0.03741 0.00455 0.01762 0.00419 0.02883 0.02611 0.02577 0.03054 0.00427 0.00440 0.00800 0.00530 0.00606 0.01708 0.12617 0.04633 0.01112 0.00546 0.00625 0.00951 0.02786 0.00856 0.02996 0.02345 0.01267 0.01231
115 0.02158 0.02083 0.03791 0.01605 0.01744 0.01601 0.01570 0.01300 0.01782 0.00983 0.01062 0.02549 0.01824 0.03517 0.03424 0.04586 0.00940 0.01055 0.01164 0.01825 0.01371 0.01467 0.01426 0.01302 0.01448 0.01431 0.02459 0.01371 0.01470 0.01564 0.02034 0.01941 0.04180 0.00949 0.01954 0.02669 0.01248 0.04088 0.03688 0.01115 0.01282 0.01036 0.01989 0.01089 0.01199 0.01303 0.04586 0.02012 0.03068 0.02698
116 0.03227 0.03405 0.05626 0.01770 0.01300 0.01016 0.00863 0.00962 0.02126 0.00834 0.00965 0.03563 0.01060 0.03356 0.03625 0.07149 0.01076 0.01146 0.01721 0.01179 0.01140 0.01270 0.01119 0.01023 0.01140 0.01272 0.03577 0.01522 0.01641 0.01754 0.02204 0.02374 0.05603 0.02164 0.04068 0.04427 0.02431 0.05529 0.07103 0.02672 0.00000 0.00000 0.00000 0.00000 0.00000 0.00000 0.00000 0.00000 0.00000 0.00000
117 0.05127 0.06591 0.06628 0.04063 0.04367 0.04413 0.05245 0.05234 0.06186 0.04961 0.05074 0.06212 0.05525 0.07479 0.07348 0.09949 0.05597 0.00000 0.00000 0.00000 0.00000 0.00000 0.00000 0.00000 0.00000 0.00000 0.00000 0.00000 0.00000 0.00000 0.00000 0.00000 0.00000 0.00000 0.00000 0.00000 0.00000 0.00000 0.00000 0.00000 0.00000 0.00000 0.00000 0.00000 0.00000 0.00000 0.00000 0.00000 0.00000 0.00000
118 0.02740 0.03445 0.04902 0.03036 0.02987 0.02005 0.01993 0.02190 0.03781 0.02410 0.02344 0.03707 0.03037 0.04367 0.03555 0.06573 0.02557 0.02667 0.02769 0.03531 0.02954 0.03039 0.03120 0.03196 0.03405 0.04214 0.04641 0.03460 0.03517 0.03858 0.00000 0.00000 0.00000 0.00000 0.00000 0.00000 0.00000 0.00000 0.00000 0.00000 0.00000 0.00000 0.00000 0.00000 0.00000 0.00000 0.00000 0.00000 0.00000 0.00000
119 0.08340 0.09771 0.14824 0.08656 0.08818 0.09505 0.09111 0.09243 0.12253 0.09478 0.00000 0.00000 0.00000 0.00000 0.00000 0.00000 0.00000 0.00000 0.00000 0.00000 0.00000 0.00000 0.00000 0.00000 0.00000 0.00000 0.00000 0.00000 0.00000 0.00000 0.00000 0.00000 0.00000 0.00000 0.00000 0.00000 0.00000 0.00000 0.00000 0.00000 0.00000 0.00000 0.00000 0.00000 0.00000 0.00000 0.00000 0.00000 0.00000 0.00000
120 0.03999 0.02865 0.05100 0.02476 0.02408 0.03636 0.02472 0.02500 0.02889 0.03066 0.02572 0.05336 0.02391 0.02851 0.05461 0.07102 0.02344 0.02397 0.03575 0.02508 0.02472 0.02721 0.02539 0.02478 0.02515 0.02547 0.04423 0.04185 0.02968 0.02455 0.02747 0.00000 0.00000 0.00000 0.00000 0.00000 0.00000 0.00000 0.00000 0.00000 0.00000 0.00000 0.00000 0.00000 0.00000 0.00000 0.00000 0.00000 0.00000 0.00000
121 0.06963 0.04743 0.09825 0.02896 0.03114 0.04848 0.03878 0.03202 0.02859 0.03722 0.02343 0.10598 0.02380 0.03650 0.10609 0.13486 0.03120 0.03279 0.04486 0.00000 0.00000 0.00000 0.00000 0.00000 0.00000 0.00000 0.00000 0.00000 0.00000 0.00000 0.00000 0.00000 0.00000 0.00000 0.00000 0.00000 0.00000 0.00000 0.00000 0.00000 0.00000 0.00000 0.00000 0.00000 0.00000 0.00000 0.00000 0.00000 0.00000 0.00000
122 0.08165 0.11096 0.12974 0.07593 0.07879 0.07901 0.07650 0.08350 0.12091 0.08087 0.08213 0.00000 0.00000 0.00000 0.00000 0.00000 0.00000 0.00000 0.00000 0.00000 0.00000 0.00000 0.00000 0.00000 0.00000 0.00000 0.00000 0.00000 0.00000 0.00000 0.00000 0.00000 0.00000 0.00000 0.00000 0.00000 0.00000 0.00000 0.00000 0.00000 0.00000 0.00000 0.00000 0.00000 0.00000 0.00000 0.00000 0.00000 0.00000 0.00000
123 0.01939 0.02281 0.03305 0.01607 0.02296 0.01787 0.01866 0.01939 0.02800 0.02070 0.02129 0.02839 0.03190 0.04518 0.03866 0.04149 0.02411 0.02448 0.02482 0.02708 0.02542 0.02569 0.02593 0.02615 0.02854 0.03177 0.04268 0.02685 0.02698 0.02710 0.03370 0.02973 0.05696 0.02748 0.03872 0.00000 0.00000 0.00000 0.00000 0.00000 0.00000 0.00000 0.00000 0.00000 0.00000 0.00000 0.00000 0.00000 0.00000 0.00000
124 0.02028 0.02690 0.01633 0.01272 0.01355 0.01305 0.02909 0.03346 0.02321 0.03910 0.01219 0.03291 0.02668 0.02339 0.04330 0.03462 0.00804 0.00798 0.00835 0.03046 0.00903 0.00981 0.01055 0.01047 0.02686 0.01127 0.03858 0.02466 0.04003 0.01896 0.02823 0.02383 0.01843 0.01533 0.02441 0.01630 0.01676 0.02459 0.09668 0.03598 0.02529 0.01836 0.00000 0.00000 0.00000 0.00000 0.00000 0.00000 0.00000 0.00000
125 0.07720 0.07149 0.13913 0.06713 0.06767 0.09020 0.06407 0.06527 0.09680 0.06672 0.06519 0.12912 0.00000 0.00000 0.00000 0.00000 0.00000 0.00000 0.00000 0.00000 0.00000 0.00000 0.00000 0.00000 0.00000 0.00000 0.00000 0.00000 0.00000 0.00000 0.00000 0.00000 0.00000 0.00000 0.00000 0.00000 0.00000 0.00000 0.00000 0.00000 0.00000 0.00000 0.00000 0.00000 0.00000 0.00000 0.00000 0.00000 0.00000 0.00000
126 0.01500 0.02056 0.00852 0.00710 0.00798 0.00684 0.04177 0.04433 0.01145 0.07190 0.00396 0.01322 0.03610 0.00576 0.03095 0.02220 0.00430 0.00416 0.00397 0.04077 0.00680 0.00371 0.00677 0.00392 0.04084 0.00334 0.02761 0.00377 0.02894 0.02681 0.01684 0.02995 0.00714 0.00467 0.01069 0.00413 0.00428 0.00856 0.20370 0.04903 0.01161 0.00361 0.00386 0.00407 0.03075 0.00399 0.02034 0.01585 0.00758 0.00600
127 0.02725 0.02376 0.04068 0.01323 0.01423 0.02101 0.01606 0.01688 0.02560 0.01835 0.01902 0.04148 0.02024 0.03843 0.04386 0.04939 0.01998 0.01918 0.02830 0.02262 0.02132 0.02113 0.02138 0.02199 0.02132 0.01647 0.02684 0.01880 0.01594 0.01627 0.01947 0.01644 0.03115 0.01525 0.02319 0.02974 0.01952 0.04522 0.05920 0.01981 0.00000 0.00000 0.00000 0.00000 0.00000 0.00000 0.00000 0.00000 0.00000 0.00000
128 0.03444 0.02723 0.05278 0.02459 0.02490 0.03454 0.02549 0.02576 0.03497 0.02626 0.02648 0.05291 0.02686 0.04195 0.05269 0.05835 0.02745 0.02756 0.03572 0.03166 0.02784 0.03456 0.02798 0.02804 0.02809 0.02813 0.03629 0.03779 0.03041 0.02828 0.00000 0.00000 0.00000 0.00000 0.00000 0.00000 0.00000 0.00000 0.00000 0.00000 0.00000 0.00000 0.00000 0.00000 0.00000 0.00000 0.00000 0.00000 0.00000 0.00000
129 0.05634 0.05349 0.07952 0.04993 0.05089 0.05325 0.05396 0.05340 0.06564 0.04354 0.03908 0.08422 0.04322 0.08584 0.07525 0.11241 0.00000 0.00000 0.00000 0.00000 0.00000 0.00000 0.00000 0.00000 0.00000 0.00000 0.00000 0.00000 0.00000 0.00000 0.00000 0.00000 0.00000 0.00000 0.00000 0.00000 0.00000 0.00000 0.00000 0.00000 0.00000 0.00000 0.00000 0.00000 0.00000 0.00000 0.00000 0.00000 0.00000 0.00000
130 0.03826 0.03485 0.04632 0.01984 0.03021 0.02116 0.01681 0.01466 0.02189 0.01225 0.01083 0.03151 0.02405 0.02941 0.02661 0.09692 0.01382 0.01074 0.01085 0.02005 0.01319 0.01108 0.01145 0.01078 0.00954 0.01056 0.02605 0.01239 0.01198 0.01360 0.03148 0.02455 0.05836 0.01575 0.02698 0.03154 0.01945 0.04057 0.03670 0.02416 0.02881 0.00000 0.00000 0.00000 0.00000 0.00000 0.00000 0.00000 0.00000 0.00000
131 0.02533 0.02343 0.03589 0.02181 0.02300 0.02302 0.01862 0.01620 0.02001 0.01994 0.01882 0.03453 0.02318 0.02483 0.03296 0.05727 0.01214 0.01245 0.01346 0.01867 0.01531 0.01322 0.01314 0.01408 0.01497 0.01580 0.02873 0.01731 0.01734 0.01738 0.02265 0.01718 0.03689 0.01508 0.02268 0.02721 0.01693 0.03273 0.03923 0.01904 0.01967 0.02027 0.02432 0.02139 0.02191 0.00000 0.00000 0.00000 0.00000 0.00000
132 0.04682 0.04648 0.05930 0.03622 0.03651 0.04419 0.03711 0.03675 0.04130 0.03747 0.03778 0.06297 0.03832 0.05110 0.06812 0.07637 0.03749 0.03787 0.05175 0.03846 0.03871 0.03892 0.00000 0.00000 0.00000 0.00000 0.00000 0.00000 0.00000 0.00000 0.00000 0.00000 0.00000 0.00000 0.00000 0.00000 0.00000 0.00000 0.00000 0.00000 0.00000 0.00000 0.00000 0.00000 0.00000 0.00000 0.00000 0.00000 0.00000 0.00000
133 0.02937 0.02593 0.03053 0.01619 0.01760 0.01044 0.02471 0.01728 0.01606 0.01414 0.01232 0.01080 0.02246 0.02370 0.01747 0.03070 0.00796 0.00816 0.00864 0.01580 0.01073 0.00762 0.01280 0.00746 0.02490 0.03270 0.02186 0.00983 0.00933 0.02475 0.01501 0.04404 0.08768 0.00962 0.02363 0.02709 0.00813 0.03121 0.01503 0.00951 0.02857 0.00958 0.04355 0.00927 0.01220 0.01961 0.03943 0.02459 0.01335 0.00666
134 0.08916 0.06893 0.07568 0.05446 0.05804 0.06020 0.12654 0.08071 0.05650 0.10020 0.06273 0.07521 0.09164 0.00000 0.00000 0.00000 0.00000 0.00000 0.00000 0.00000 0.00000 0.00000 0.00000 0.00000 0.00000 0.00000 0.00000 0.00000 0.00000 0.00000 0.00000 0.00000 0.00000 0.00000 0.00000 0.00000 0.00000 0.00000 0.00000 0.00000 0.00000 0.00000 0.00000 0.00000 0.00000 0.00000 0.00000 0.00000 0.00000 0.00000
135 0.03412 0.02853 0.05390 0.01988 0.01610 0.01479 0.01620 0.01507 0.01725 0.01598 0.01194 0.04861 0.01170 0.01592 0.03880 0.11116 0.01055 0.01193 0.01188 0.02118 0.01095 0.01271 0.01091 0.01057 0.01563 0.01274 0.02125 0.01362 0.01402 0.01514 0.02593 0.03219 0.03698 0.02017 0.02392 0.03884 0.02340 0.06659 0.06892 0.00000 0.00000 0.00000 0.00000 0.00000 0.00000 0.00000 0.00000 0.00000 0.00000 0.00000
136 0.01891 0.04054 0.02433 0.01170 0.01267 0.01283 0.01490 0.02387 0.03308 0.01539 0.01608 0.01672 0.01732 0.03398 0.02137 0.03168 0.01945 0.01991 0.02490 0.02078 0.02118 0.02155 0.02311 0.02224 0.02354 0.03978 0.05267 0.01560 0.01298 0.01550 0.01205 0.01525 0.16239 0.01085 0.07657 0.02751 0.00692 0.00988 0.00000 0.00000 0.00000 0.00000 0.00000 0.00000 0.00000 0.00000 0.00000 0.00000 0.00000 0.00000
137 0.08665 0.07560 0.13319 0.07672 0.07887 0.08085 0.09780 0.08431 0.09103 0.10651 0.08847 0.00000 0.00000 0.00000 0.00000 0.00000 0.00000 0.00000 0.00000 0.00000 0.00000 0.00000 0.00000 0.00000 0.00000 0.00000 0.00000 0.00000 0.00000 0.00000 0.00000 0.00000 0.00000 0.00000 0.00000 0.00000 0.00000 0.00000 0.00000 0.00000 0.00000 0.00000 0.00000 0.00000 0.00000 0.00000 0.00000 0.00000 0.00000 0.00000
138 0.04575 0.03927 0.05895 0.03311 0.03502 0.03678 0.04331 0.03636 0.04492 0.03560 0.03732 0.06965 0.04038 0.07796 0.06638 0.09378 0.04530 0.04634 0.05320 0.06062 0.00000 0.00000 0.00000 0.00000 0.00000 0.00000 0.00000 0.00000 0.00000 0.00000 0.00000 0.00000 0.00000 0.00000 0.00000 0.00000 0.00000 0.00000 0.00000 0.00000 0.00000 0.00000 0.00000 0.00000 0.00000 0.00000 0.00000 0.00000 0.00000 0.00000
