1127
1367
1456
1556
1705
1780
1783
1996
2046
2063
2124
2156
2218
2399
2400
2420
2551
2666
2739
2924
2968
302
3114
3216
3221
3706
3768
3853
3864
4289
4315
436
4602
472
473
4781
483
4913
4914
4916
5040
5157
5201
5238
5261
5371
5372
548
5564
5578
562
569
5786
6084
609
614
617
6218
624
6287
6628
723
773
787
10567
10804
10820
11001
11099
11162
11189
11248
5653
6305
6618
6707
6743
7076
7134
7169
7176
7272
7285
7306
7307
7378
7463
7481
7746
7965
7981
8059
8179
8356
8377
8463
8588
8816
8837
8981
8989
9093
9247
9252
9273
9285
9286
9295
9307
9350
9390
9397
9422
9478
9492
9558
9583
9675
9681
9721
9734
9741
9748
9758
9763
9821
9827
9981
9996
10520
10870
10999
11049
11181
11186
11250
11336
11366
11371
11449
11503
11578
11653
11654
11658
11698
11767
11768
11798
11847
11890
11891
11895
11909
11957
11983
12000
12030
12072
12084
12178
12185
12195
12265
12339
12471
12550
12671
12694
12866
12889
12910
12922
12996
12997
13013
13066
13084
13172
13176
13188
13299
13311
13384
13405
13415
13458
13496
13504
13568
13625
13798
13801
13472
13550
13639
13641
13770
13806
13818
13904
14029
14037
14122
14184
14340
14410
14429
14448
14529
14605
14611
14646
14787
14836
14841
14918
15029
15042
15150
15154
15158
15164
15175
15180
15248
15256
15277
15333
15357
15424
15442
15471
15506
15513
15517
15551
15570
15585
15645
15678
15846
15867
15951
15966
16035
16206
16292
16470
15660
15797
16099
16210
16571
16574
16704
16755
16772
16790
16792
16901
17008
17028
17042
17111
17128
17150
17155
17195
17201
17227
17252
17268
17302
17355
17356
17444
17491
17569
17570
17583
17639
17651
17825
17840
17846
17848
17912
17919
17972
17975
18011
18068
18210
18216
18219
18278
18316
18376
18394
18427
18479
18488
18610
18614
18704
18712
18723
18791
18815
18819
18820
18835
18911
18994
18999
19012
19115
19131
19151
19157
19324
19329
19333
19645
19663
19672
19731
19739
19743
19752
19768
19770
19802
19803
19881
20000
20020
20077
20102
20142
20282
20355
20358
20362
20474
20486
20489
20505
20576
20583
20616
20752
20883
21003
21006
21013
21060
21161
21174
21200
21251
21294
21311
21328
21371
21394
21395
21450
21473
21479
21505
21548
21657
21704
21708
21716
21788
21918
21938
21962
22015
22022
22040
22061
22078
22131
22204
22227
22270
22271
22354
22379
22469
22529
22534
22640
22703
22706
22783
22836
22860
22882
22959
22963
23034
23048
23051
23080
23193
23218
23258
23334
23425
23442
23452
23462
23557
23566
23577
23670
23810
23860
23892
23936
24094
24096
24156
24162
24339
24340
24375
24385
24393
24438
24475
24540
24568
24639
24646
24720
24766
24778
24857
24992
25043
25051
25069
25112
25228
25250
25330
25364
25400
25451
25460
25559
25609
25705
25743
25799
25804
25909
25913
25940
26031
26043
26046
26066
26378
26482
26485
26515
26595
26605
26634
26690
26728
26806
26827
26833
26922
26938
27048
27056
27076
27084
27120
27121
27171
27191
27229
27230
27238
27248
27285
27295
27347
27349
27350
27353
27367
27371
27413
27439
27498
27500
27514
27551
27595
27605
27608
27611
27811
27840
27921
28056
28091
28145
28170
28173
28305
28333
28347
28373
28385
28402
28644
28649
28730
28907
28920
28952
28979
28998
29027
29050
29055
29102
29118
29122
29254
29259
29268
29290
29316
29331
29351
29369
29372
29471
29493
29551
29572
29614
29640
29669
29962
30008
