1364
1367
1456
1556
1756
1780
1783
1996
2062
2063
2124
2156
2219
2399
2400
2420
2587
2666
2739
2924
3018
302
3114
3216
3382
3706
3768
3853
3976
4289
4315
436
4706
472
473
4781
4831
4913
4914
4916
5126
5157
5201
5238
5342
5371
5372
548
5569
5578
562
569
5954
6084
609
614
6214
6218
624
6287
665
723
773
787
10681
10804
10820
11001
11105
11162
11189
11248
6186
6305
6618
6707
6975
7076
7134
7169
7180
7272
7285
7306
7367
7378
7463
7481
7815
7965
7981
8059
8332
8356
8377
8463
8598
8816
8837
8981
9031
9093
9247
9252
9275
9285
9286
9295
9349
9350
9390
9397
9474
9478
9492
9558
9649
9675
9681
9721
9735
9741
9748
9758
9798
9821
9827
9981
10444
10520
10870
10999
11142
11181
11186
11250
11346
11366
11371
11449
11528
11578
11653
11654
11668
11698
11767
11768
11805
11847
11890
11891
11900
11909
11957
11983
12015
12030
12072
12084
12180
12185
12195
12265
12386
12471
12550
12671
12794
12866
12889
12910
12944
12996
12997
13013
13080
13084
13172
13176
13238
13299
13311
13384
13414
13415
13458
13496
13554
13568
13625
13798
12682
13472
13550
13639
13642
13770
13806
13818
13923
14029
14037
14122
14211
14340
14410
14429
14493
14529
14605
14611
14682
14787
14836
14841
14977
15029
15042
15150
15156
15158
15164
15175
15247
15248
15256
15277
15352
15357
15424
15442
15500
15506
15513
15517
15560
15570
15585
15645
15722
15846
15867
15951
16014
16035
16206
16292
16608
15660
15797
16099
16355
16571
16574
16704
16766
16772
16790
16792
16988
17008
17028
17042
17115
17128
17150
17155
17199
17201
17227
17252
17277
17302
17355
17356
17483
17491
17569
17570
17621
17639
17651
17825
17841
17846
17848
17912
17946
17972
17975
18011
18076
18210
18216
18219
18306
18316
18376
18394
18432
18479
18488
18610
18698
18704
18712
18723
18810
18815
18819
18820
18850
18911
18994
18999
19104
19115
19131
19151
19212
19324
19329
19333
19661
19663
19672
19731
19742
19743
19752
19768
19773
19802
19803
19881
20011
20020
20077
20102
20147
20282
20355
20358
20403
20474
20486
20489
20573
20576
20583
20616
20882
20883
21003
21006
21020
21060
21161
21174
21247
21251
21294
21311
21361
21371
21394
21395
21472
21473
21479
21505
21628
21657
21704
21708
21719
21788
21918
21938
22001
22015
22022
22040
22067
22078
22131
22204
22238
22270
22271
22354
22454
22469
22529
22534
22641
22703
22706
22783
22845
22860
22882
22959
22976
23034
23048
23051
23122
23193
23218
23258
23403
23425
23442
23452
23471
23557
23566
23577
23680
23810
23860
23892
23964
24094
24096
24156
24313
24339
24340
24375
24387
24393
24438
24475
24566
24568
24639
24646
24742
24766
24778
24857
25021
25043
25051
25069
25214
25228
25250
25330
25377
25400
25451
25460
25583
25609
25705
25743
25802
25804
25909
25913
25951
26031
26043
26046
26359
26378
26482
26485
26525
26595
26605
26634
26717
26728
26806
26827
26904
26922
26938
27048
27057
27076
27084
27120
27129
27171
27191
27229
27232
27238
27248
27285
27332
27347
27349
27350
27354
27367
27371
27413
27441
27498
27500
27514
27564
27595
27605
27608
27762
27811
27840
27921
28063
28091
28145
28170
28189
28305
28333
28347
28379
28385
28402
28644
28664
28730
28907
28920
28978
28979
28998
29027
29052
29055
29102
29118
29197
29254
29259
29268
29314
29316
29331
29351
29370
29372
29471
29493
29559
29572
29614
29640
29896
29962
30008
