[ 0.31752999  0.38880214  0.02228989  0.03678325  0.00143864  0.0217184
  0.00533658  0.04713988  0.00823347  0.15072775]
[ 0.35819035  0.38369276  0.03389196  0.04688155  0.00303345  0.0021948
  0.01334047  0.02218077  0.02422541  0.11236849]
[ 0.37460782  0.35058707  0.027649    0.01906149  0.00482997  0.
  0.01626761  0.02613616  0.03245529  0.14840558]
[ 0.33954278  0.36962046  0.04303428  0.02603882  0.0034696   0.00038018
  0.03985887  0.01560924  0.0351032   0.12734255]
[  3.12043065e-01   4.69150295e-01   4.79213836e-03   3.99724682e-02
   1.12261910e-05   2.97802623e-03   2.84229764e-02   2.44343986e-02
   4.19149546e-02   7.62804513e-02]